,United States,Japan,United Kingdom,Canada,France,Switzerland,Germany,Australia,Netherlands,Denmark,Sweden,Spain,Hong Kong,Italy,Singapore,Finland,Belgium,Norway,Israel,Ireland,New Zealand,Austria,Portugal,India,Korea,Brazil,Saudi Arabia,South Africa,Mexico,Thailand,Indonesia,Malaysia,Qatar,Turkiye,Philippines,Poland,Chile,Greece,Peru,Hungary,Czechia,Egypt,Colombia,Argentina,Russia
1999-01-01,-6.78071119452637,24.8357424441524,-1.22114100362526,-6.37330001722664,0.281505728314239,,,-8.64481585306995,-19.047619047619,0.427350427350421,-15.0591819992968,-13.1464247850159,94.5349952061361,0.941265060240964,83.3333333333333,-8.0498866213152,-1.91347753743761,-14.4736842105263,3.47036839295248,-20.5955334987593,6.84212585542135,-13.7481910274964,-3.77894276976845,,48.2895108849307,,,,,,,28.4011220196353,,,10.1688102893891,20.5647408508267,57.2797126035326,-2.74901602465729,,-20.4525674499565,42.8726877040261,,,,17.6470588235294
1999-04-01,-2.64907992837468,15.916955017301,-2.24632068164213,-2.81605194563566,,-14.2611368860435,-9.06591268708983,-10.1334696341702,-17.440912795436,4.29292929292929,-17.2729434141702,-17.1857823378527,45.5274958697191,-3.11628470959136,47.3384030418251,-9.11764705882353,-3.4001743679163,-14.4628099173554,-0.100959111559818,-12.6005361930295,10.2957400052061,-12.5498007968127,-4.04949381327334,,-0.157515751575152,,,,-28.1270682142317,,,12.80051654039,,22.3978919631094,-7.16556615309367,32.334508421465,79.4854766991973,10.9655172413793,,-21.2406015037594,43.9824945295405,,,,8.64197530864197
1999-07-01,-5.18374093356401,10.9048723897912,-3.04323622193356,-5.67841047952427,,,,-10.9416686414959,-15.4903758020165,9.58230958230958,-14.9004495825305,-16.5042555815962,20.8960843373494,-3.07000642260757,-7.5134168157424,-10.9677419354839,-11.361804995971,4.10958904109589,14.2361111111111,-16.5760869565217,14.6483894342512,-13.8888888888889,-6.76605504587157,,-16.6318864774624,,,,,,,6.46837715339833,,,-2.2923712889891,38.7987987987988,70.8662633543571,9.13461538461538,,-23.3618233618234,33.6182336182336,,,,1.16279069767442
1999-10-01,-6.48556486403744,4.68384074941453,-3.6002360810545,-12.8869176261772,,,,-8.81232820031544,-13.5734072022161,15.8311345646438,-4.1411697737299,-14.3576826196474,7.07841776544067,-7.73372491434165,-27.6264591439689,-5.89022757697456,-15.1741293532338,27.0114942528736,13.6193029490617,-17.8787878787879,20.7169401074162,-8.29875518672198,-7.39476678043232,,-30.652949821541,,,,,,,2.40888982515272,,9.9609375,-0.0681895669962496,40.8996014423989,26.2238763240767,11.7761873780091,,-15.5246252676659,24.0985048372911,,,,-8.24742268041237
2000-01-01,-3.20015405886944,3.03554736842106,-6.02665636468997,-12.4661174581023,-14.1075858467163,,,-4.47780748990735,-11.1408199643494,-9.57446808510638,-4.07008830022076,-10.0501831005018,-9.33136191884344,-4.31431058062911,-9.7770154373928,2.34278668310729,-20.3562340966921,23.0769230769231,-0.0515995872033024,-19.0625,20.8451168419143,-0.167785234899319,-5.4483541430193,,-36.5837559580553,,,,,,,4.78690049962578,,,5.76431959139,31.9722650231125,1.50159676839456,1.14873035066504,,-6.45514223194749,12.8712871287129,,,,-14.0
2000-04-01,-4.78339826081042,-1.4899303482587,-8.59746434231379,-14.314618338164,,-12.9185855263158,-10.916818804199,-6.23353371475191,-10.4639684106614,-14.043583535109,-12.2718781434114,-8.67256637168142,-17.8559844307493,-7.75969962453067,25.8064516129032,-4.53074433656958,-22.9241877256318,9.66183574879228,1.92016169782719,-19.3251533742331,10.5387879478728,-10.7061503416857,-12.5439624853458,,-42.2641875140861,,,,3.31210000448943,,,-6.26157107209616,,-23.8966630785791,15.331928345627,25.6030782891816,-12.0393159918279,-4.41267868241144,,-5.36992840095465,2.58358662613981,,,,-15.9090909090909
2000-07-01,-3.11876595428507,-3.98251046025104,-8.63157894736843,-5.86932140339042,,,,-10.9543572471644,-11.3882863340564,-21.0762331838565,-20.1509433962264,-8.71620623430344,-21.7533478667082,-7.85846806254971,-28.0464216634429,-3.91304347826087,-14.5454545454546,3.50877192982457,4.21189752496743,-20.1954397394137,2.86502625777186,-3.47394540942928,-3.9360393603936,,-38.2533166458073,,,,,,,1.63109798697731,,,31.7307692307692,15.8805711813068,-5.59564883310985,-5.97860289490245,,-9.54151177199504,-5.40156361051883,,,,-18.3908045977011
2000-10-01,-1.52893285014241,3.22812080536913,-10.3877551020408,0.881548061871009,,,,-5.64214876171436,-14.1025641025641,-23.6902050113895,-25.3266033254157,-9.72058823529411,-27.2845106934543,-8.80636604774536,-1.61290322580645,-6.25889046941679,-13.0009775171065,-3.61990950226245,3.72817366682397,-23.9852398523985,-6.49111950960831,-7.2398190045249,-4.91400491400491,,-24.0297608234938,,,,,,,-3.50108508953275,,-19.1237418590882,6.89184578642102,11.5840517241379,-7.49603084599682,-12.9220023282887,,-11.787072243346,-8.50460666194189,,,,-21.3483146067416
2001-01-01,5.41383478062074,-1.43052316027468,-12.2918807810894,4.8874861404729,-15.223835220795,,,-2.49310499647232,-18.8565697091274,-7.29411764705881,-21.7172443549547,-11.8667068757539,-18.2822975176662,-10.8497920997921,-28.8973384030418,-10.4819277108434,-14.6964856230032,-1.25,4.28497676819824,-15.4440154440154,-13.5289256198347,-14.7899159663866,-2.64105642256904,,-5.07221192346059,,,-0.136112560519419,,,,-12.789676373218,,,-61.7672990686444,10.6129597197898,6.60721355197633,-8.78661087866108,,-13.2163742690058,-11.6059379217274,,,,-17.4418604651163
2001-04-01,12.5697172670452,3.97839976356181,-10.2080624187256,7.02699464113918,,-5.03819965813903,-1.421755419642,10.9643696248487,-19.4046306504961,-0.281690140845066,-17.5429975429975,-10.077519379845,-7.83810463968411,-11.3568521031208,-35.1794871794872,-6.55367231638417,-6.55737704918033,6.16740088105726,1.43777887952405,-11.0266159695818,-15.6734248071541,9.43877551020408,4.55764075067025,,-5.47499392990227,,,,-3.80685121200826,,,-5.417525379742,,,-73.8280721790772,13.3380464239425,2.99383675634156,-7.93237971391418,,-12.6103404791929,-9.4074074074074,,,,-17.6621621621622
2001-07-01,19.6508103734432,9.91127618835132,-3.60284876413908,5.07624664634385,,,,15.7512099283713,-15.9118727050184,15.0568181818182,-11.578449905482,-9.20860980741221,9.89054726368159,-9.52107004170861,52.4193548387097,-4.37405731523378,-9.78723404255318,8.05084745762711,8.79166666666667,7.3469387755102,-18.0006637017458,8.22622107969152,1.92061459667092,,-9.10620322850031,,,11.7578512590069,-3.03564976355691,,,-1.19521182013163,,,-67.2591532846715,16.6417724670152,-4.89953558148071,-7.095046854083,,-9.45205479452055,-4.35762584522916,,,,-13.3943661971831
2001-10-01,43.2492765742089,10.5992635497888,0.0910954224550163,13.0735944609738,,,,15.0027800451905,-7.58706467661692,20.0,-1.21272365805168,-5.01710376282781,40.8422459893048,-7.02443280977312,68.1238615664845,-1.66919575113808,10.3370786516854,11.7370892018779,22.0655141037307,16.504854368932,-15.3900086315248,14.390243902439,6.71834625322997,,-11.0002124100894,,,,19.3961931738198,,,11.6314762904618,,,-64.7932333226939,15.210043457267,-4.08442646397777,1.60427807486631,,-7.75862068965517,-6.27420604182804,,,,-9.95714285714286
2002-01-01,35.4161612800713,10.7781411789288,3.56222170142958,15.7145394785289,2.04859243320782,,,7.00278652167511,6.92212608158219,0.761421319796954,-1.65349990813889,10.4875962360992,56.5188470066519,-8.38070252149833,90.3743315508021,-0.807537012113055,21.4731585518102,12.2362869198312,26.1386138613861,17.351598173516,-12.1212845264265,21.301775147929,7.64488286066585,,-21.6947360720019,,,10.4515623317231,15.937542363045,-30.403708711609,,30.1850458187613,,,-0.628943868722065,10.0168883259447,1.467828942225,2.94888597640891,,-2.15633423180593,-10.3053435114504,,,,-16.0
2002-04-01,33.4419577869861,8.72410442685125,6.87907313540912,11.0101329937203,,18.7547237360277,9.20903037193438,-5.71596590426844,19.562243502052,3.67231638418079,-1.66865315852205,13.3261494252874,68.1233933161954,-3.18383590999539,54.1139240506329,1.69286577992743,13.0325814536341,11.6182572614108,17.5464320625611,17.5213675213675,-13.3310712704813,5.36130536130535,15.0,,-15.3160687066562,,,,16.5365634273369,-19.0065520524164,,21.1348733985675,,,21.9377259870118,6.80943965069133,-1.28027558775481,-2.11864406779661,7.78241053458179,-1.15440115440115,-12.2649223221586,,,,-9.25652387986214
2002-07-01,19.9265037718293,6.52561612559352,3.84615384615385,8.32197939786334,,,,-7.37332849620221,28.5298398835517,2.71604938271604,1.78157847853198,17.4331550802139,44.4042013763129,-5.49992052137975,27.689594356261,0.0,19.811320754717,3.52941176470588,10.0727690540023,4.18250950570341,-11.6541074344528,8.31353919239904,25.3768844221106,,-13.2520571772629,,,4.42475014349919,15.2519644989406,-30.3921206979232,,1.76719419655281,,,3.60985719305067,9.71080994557678,-4.0091292016983,-0.864553314121037,-8.1322136118246,0.907715582450832,-12.4901806755695,,6.97073562839383,,-15.3846153846154
2002-10-01,7.01380352369782,-0.528943718362258,0.409556313993174,1.82876234332157,,,,-10.5330562784813,33.1090174966353,-2.7363184079602,3.01871603944456,14.8345052306637,18.0509413067553,-4.00437979039574,-2.05850487540628,-1.85185185185185,9.57230142566193,4.62184873949581,-0.559075661572866,21.6666666666667,-11.7421551028298,2.98507462686567,38.861985472155,,-11.3768202576582,,,,-1.77382344298067,-24.0537387876593,,-5.6628093492209,,,,5.73134953897736,-0.155507743433526,-6.11842105263158,-1.02295036909061,4.67289719626168,-7.10743801652892,,8.83556242299408,,-2.37981913374584
2003-01-01,3.83992424303828,-0.123069553384011,0.407331975560081,-3.99340872716975,5.83498059887255,,,-6.41033340505369,69.7109826589595,14.6095717884131,15.692135251261,8.16042118302882,10.4122396940076,4.53388482341713,5.47752808988764,-1.0854816824966,10.8941418293936,6.39097744360901,6.31868131868132,8.94941634241244,-13.246870949908,0.48780487804878,36.31156930126,,-2.46138875114967,,,4.36550833859901,-3.43741068112378,-9.60927622043362,,-8.76307064524356,,,-3.32060704833416,-1.12251750935431,-4.58056438408938,-6.87460216422661,-1.14426568023467,5.09641873278237,-0.936170212765962,,-3.17382751470821,,10.2448021462106
2003-04-01,6.67549829518482,-0.638131628218032,-3.36495031616983,2.60920153069934,,42.4829376543985,15.8239143367043,-3.42530494666247,68.421052631579,26.158038147139,23.0909090909091,5.35657686212361,12.9969418960245,-2.9407114624506,6.98151950718686,0.118906064209289,12.0842572062084,15.9851301115242,4.36590436590437,5.81818181818181,-13.9304678929713,19.2477876106195,29.8773690078038,,9.69103294780522,,,,5.59715314017735,-10.436977114015,,-7.90632989398822,,,-24.427933302366,-4.60385438972162,-1.21953413076716,-4.4011544011544,-3.52824322775588,6.42335766423357,7.45573159366262,,-8.34877757669284,,5.28124434798336
2003-07-01,7.39364471567759,-6.37213852467772,-3.32705586942875,5.68446765387435,,,,-4.81937121436467,68.4031710079275,14.9038461538462,20.462103973394,2.33758348512448,10.9480812641084,-2.10260723296889,35.6353591160221,-2.36593059936909,9.35039370078739,21.2121212121212,6.26304801670146,13.5036496350365,-15.0540000440082,12.9385964912281,17.0340681362725,,16.2564992938372,,,-10.7331144161753,32.5991307255099,-11.9766825649178,,-0.0711010637813004,,,16.6905652517442,-4.41591284894466,-1.41783216783217,-4.28779069767442,6.31423676705778,3.2983508245877,10.0538599640934,,-1.49464847016465,,9.16778781472228
2003-10-01,0.973443594711993,-4.69303497400562,-4.10151824155902,0.498711824432079,,,,-6.22643678821711,59.5551061678463,18.1585677749361,34.3817151787458,2.00119474313022,1.4339319217368,-1.01026560208571,5.64159292035398,-1.41509433962264,6.50557620817843,16.0642570281124,9.40779610194903,-8.21917808219178,-27.6910192220728,15.527950310559,5.84132519616392,,20.1846307133106,,,,38.5836137128308,3.01361156718384,,-8.58357370578412,,,,-3.20087206421563,-3.33688926818861,-1.05115627189909,6.52832146020177,1.93452380952381,10.6761565836299,,-11.5350304858047,,-7.10222655615147
2004-01-01,-3.34236026415878,-8.46352792022491,-6.40072120802345,0.0146234635243314,7.70614277808522,,,-8.01920636075539,20.5040871934605,16.0439560439561,25.4642338123688,-0.801717967072311,-5.27328714395689,-4.03287170902451,-85.9103417665335,-2.33196159122085,8.15569972196478,4.24028268551237,3.46991509782207,9.28571428571429,-21.5666814318309,26.3754045307443,-1.09243697478993,,8.88411015218471,,,-13.7408284322309,35.9318895004887,0.627409504964007,,-10.4181808016996,,,-2.7470318982891,1.59130603531923,20.6963145393006,14.4907723855092,6.62957583303073,-1.96592398427261,14.4329896907216,6.72601384767557,3.75007300177536,,-0.197718631178707
2004-04-01,-9.02311137411016,-15.0670941904815,-3.87941107735452,-5.09671330642096,3.52924019250402,4.95104204624264,9.42732408834104,-9.15983097191152,19.7690217391304,-2.3758099352052,21.7134416543575,1.42900120336943,-17.9183581416328,-6.222511809741,-90.5783749200256,-1.90023752969123,-2.27497527200792,0.320512820512816,5.89641434262948,0.343642611683844,-23.4426626952516,20.7792207792208,1.97424892703863,,4.50267012606409,,,,27.1655274413399,1.634693326128,,-11.6514599365206,,,11.6819194769058,-1.90796857463525,29.4596087428908,14.7924528301887,4.37629169243766,-0.411522633744856,9.01994796183869,7.68156424581006,0.703817039336085,,-4.0886445627899
2004-07-01,-9.70997188871497,-6.45450320081704,-6.08225108225109,-7.64703839273689,6.95992768906297,,,-5.95764376936447,11.1634162743779,5.02092050209205,11.5518744551003,-2.12103233461882,-17.2261783655476,-8.95189003436426,-89.3923964697895,-2.4232633279483,12.5112511251125,0.9375,-4.97707924034054,-6.7524115755627,-27.5317849245616,25.2427184466019,7.53424657534248,,3.87376498699148,,,-7.39964228205635,6.18462511427905,0.945213726670624,,-31.5448118586089,,,-8.64421356361754,-5.81052203113869,29.1132431266145,13.8952164009112,3.88742948277306,9.57910014513788,2.8548123980424,4.70749542961609,-12.4486624807974,-17.0402934959068,-4.55985915492958
2004-10-01,-6.51252298161651,-10.4025651964347,-1.86672967863895,-3.12002780894351,2.4859348423394,,,-8.65014716493692,9.31558935361217,-5.84415584415584,-3.03823230120657,-4.39238653001464,-11.7981239265425,-0.312757201646087,-91.0551483420593,-3.50877192982457,-0.0872600349040089,1.38408304498271,-5.92668722165125,1.86567164179105,-18.8859099551851,21.1469534050179,9.22570016474464,,0.642329150493529,,,,5.71179603203141,-15.9763496143959,,-16.2027810991542,,,20.0768398085179,-6.0913185913186,35.5265674892214,9.27762039660056,1.99185568891488,16.4963503649635,1.28617363344051,0.0908265213442325,-7.27450119574552,-15.8755976112527,7.41777466759972
2005-01-01,-6.61197262865503,-7.81443609145668,0.168552853359029,-4.49474214103761,-2.94155427103405,,,-5.17153961300246,8.08366308648956,-5.87121212121213,-5.44401544401544,-8.15413479578582,-16.2941893539212,-4.28163653663178,-30.4971018145161,-0.983146067415734,1.2853470437018,9.15254237288136,-15.4477345701035,-10.7843137254902,-26.6145424031328,-1.02432778489117,16.8224299065421,,4.21900033474759,,,-2.69123609717839,-3.42208975940688,-8.58419591183558,,-1.47075649306747,,,10.5403685502974,-9.03533906399236,3.04011863877614,-7.40298507462687,4.41231201841565,17.1122994652406,-3.37837837837838,-0.417052826691381,-14.3903245110277,-8.86855615539325,-13.181956720512
2005-04-01,-7.22696327168516,-5.36347278857367,0.0729394602479942,-5.04005651038653,1.47908156078321,3.33314666517332,8.14813076435662,-3.93961456521313,3.57345433919456,-8.40707964601769,64.1585760517799,-12.3832122200801,-15.3455144937491,-4.25568872676742,923.699578975961,-6.41646489104116,12.3481781376518,8.62619808306709,-13.5063957863055,8.9041095890411,-24.3619671498284,7.37327188940092,14.3939393939394,,5.56433813832312,,,,-3.54572030302078,-16.1888304437819,,108.184069926921,,,16.7920747411206,-4.97191595589764,-5.11144660221487,-4.99671268902038,5.336934528111,23.4159779614325,-4.05727923627685,-1.98875918720277,-14.8667150802974,-18.7869738871872,-8.95575855274942
2005-07-01,-6.57111859009571,-9.07610959496115,2.99608204655452,-3.27392129212262,2.61971830985916,,,-6.59653515071767,3.44827586206897,-17.5298804780877,35.3653771004299,-18.9271101682073,-17.3153079339069,-3.98188337422155,586.4,-5.79470198675498,-2.96000000000001,6.81114551083591,-7.44314266023432,9.6551724137931,-17.8285354052324,7.13178294573644,14.0127388535032,,2.64623925783537,,,10.01222596347,-6.95642505669587,-10.6220552275303,,307.094504557326,,,4.47044917639422,-3.11149524632671,-8.74428272524574,-2.66666666666666,2.82423288159104,21.4569536423841,-3.64789849325931,13.0510694020079,-6.39326809872577,-14.3089617187218,-6.60394761114186
2005-10-01,-7.03365277429134,-1.09128179906301,9.51119672525886,-8.04397861162242,2.10647261585599,,,0.415418119343795,-0.347826086956522,-19.3103448275862,49.7151424287856,-14.5329249617152,-19.742360695027,-1.56869220607662,673.793264915909,-2.47933884297521,3.05676855895195,1.02389078498294,-8.8856518572469,1.0989010989011,-13.9177485435718,5.76923076923077,10.9351432880845,,-2.52585040890305,,,,-14.2289634350722,-2.76638968095646,,209.426733078783,,,6.40179071997028,-6.32290417529706,-9.67671887299475,-5.0550874918989,-6.78482071054906,16.6666666666667,-3.65079365079365,18.8294010889292,-13.9145946663647,-15.6978896704924,-15.1791530944625
2006-01-01,-9.7031226055143,-4.73359137737548,13.0288461538461,-6.2114499289753,6.86871360508205,,-0.891581170146962,0.853684886759462,-8.21129707112971,-21.327967806841,49.9115285150401,-8.40666247642993,-14.7572815533981,-7.14049039098741,673.693514028011,-6.95035460992908,1.1844331641286,-6.21118012422359,-1.9831223628692,11.3553113553114,-9.06061464073356,7.76196636481243,4.2909090909091,,-4.62255960219889,,,0.897332741537418,-5.64845900971261,-27.063012276082,,84.7773074202709,,3.81906401627799,20.1321017118537,-15.8756824863503,-8.28801921859529,-5.54480980012895,-16.9871307027326,10.6164383561644,-3.4965034965035,23.7785016286645,-4.10755469202511,-10.7596535677728,1.63243812532912
2006-04-01,-7.52587524354773,-5.74415675629354,18.1729834791059,-8.13807775003764,2.38756246529704,-8.63745244469494,-8.78849033266063,-2.01199708021029,-13.5815991237678,-17.1497584541063,-5.46246098242156,-6.85511171293162,-13.6481661798118,-11.611030478955,-12.1393034825871,-6.20957309184994,3.24324324324324,-9.41176470588234,2.32622879512832,2.51572327044026,-6.64978667410981,-5.5793991416309,0.515084621044882,,-7.47136303260085,,,,-6.93864249300828,-17.1629380231014,,-4.23156342182891,,-5.45485346434017,-0.360941366450968,-23.4019264448336,-11.0295280259309,-8.58131487889274,-9.4736228284862,3.34821428571429,-8.70646766169154,7.01367445963829,-1.77956691040449,-10.9734096669229,8.77434585874484
2006-07-01,-4.96153357862646,-4.17894941249626,16.8270306556276,-2.55947425896337,0.233324183365371,,-10.6272543327175,-3.4479629797659,-14.327485380117,-21.7391304347826,-11.0277136258661,-0.915887850467285,-12.4194880264245,-12.185534591195,-11.3286713286713,-4.56942003514938,-6.43033800494641,-25.5072463768116,-7.37155621742368,10.377358490566,-4.72096554778703,-10.5643994211288,-0.977653631284908,,-4.85536881574145,,,-2.15112092166635,8.90040629169654,-9.99733084211931,,-12.9620294599018,,-5.02008032128514,13.2269612070964,-26.371543264942,-19.256163517595,-13.4931506849315,-7.06371443623909,3.59869138495093,-9.79423868312758,-3.08880308880309,,-7.07742715541965,-2.62690104681019
2006-10-01,-8.74465583078354,-7.86679855236707,7.56376429199649,-4.33359346250967,-7.36434108527132,,-8.37181017590486,-7.55419363677983,-12.8563118091914,-11.965811965812,-14.6004406168636,-2.20390611001613,-13.8857782754759,-14.7458480120785,6.20272314674735,-10.1694915254237,-4.83050847457627,-34.4594594594595,-8.792965627498,6.88405797101449,-6.8170134147321,-12.027972027972,3.26308633582597,,-4.33280851322778,,,,18.5676674752644,-10.7970170856801,,10.7121203064022,,-7.83395755305867,1.39349303136567,-28.7792389153963,-23.2996754417598,-9.28327645051194,-0.965833978006057,3.00751879699249,-16.1449752883031,-19.8930889652539,,-11.982278348152,-4.01305683563748
2007-01-01,-2.63498493205582,-5.18877554587595,6.82688217779668,-2.28764307300581,-6.51393188854488,,-18.8708346784318,-7.31313518872292,-10.7122507122507,-6.90537084398977,-12.2752859996368,-4.10018871161435,-13.6104783599089,-17.1632471008028,19.1564147627417,-9.29878048780487,-5.85284280936456,-27.8145695364238,-9.81489453293155,9.53947368421053,-14.6097286422533,-12.9651860744298,7.25244072524408,,-7.52116456543918,,,1.1505625665024,14.2924049694711,-13.089087765687,,39.9430967697704,,-3.33182571988541,-6.11606763037011,-30.4667998002995,-18.6315286455107,-6.00682593856655,10.9585863027026,-2.68317853457173,-24.7987117552335,-20.7894736842105,-2.43940804067054,-12.1051788109747,-6.94300518134715
2007-04-01,-2.34239259300426,-8.95165745102232,-1.64473684210525,-0.0233129999038344,-8.39208242950107,-7.60807668580648,-18.3736587919016,-8.65812326865762,-11.850443599493,-6.12244897959184,-13.9369189330089,-3.32545884063238,-11.4452170644616,-14.4293924466338,-9.73952434881087,-12.8275862068966,-6.36998254799301,-28.2467532467532,-9.30082296130042,10.7361963190184,-20.359826237757,-1.96969696969697,7.61346998535872,,-2.70094289535816,,,,7.97491205927798,-5.54856567689985,,45.1910489596649,,3.92402795197993,-12.6574317859358,-33.009431266076,-21.1021759171841,-7.19152157456471,-1.40776092030677,-2.59179265658747,-25.1589464123524,-13.7675185490519,-5.02338159674549,-18.9092518938063,-19.4067643335142
2007-07-01,1.33094118609763,-7.68623626523701,-2.83470599502011,-5.95290758609682,-10.4751471997809,,-16.4205794533583,-6.83081164050998,-10.2389078498294,7.40740740740741,-12.8596149686351,2.22599509526504,-11.8612106354893,-6.06535362578334,-34.384858044164,-9.57642725598527,-9.60352422907489,-20.2334630350195,-10.7073954983923,2.27920227920228,-25.7008143308956,1.94174757281553,2.75035260930889,,-7.6112331013702,,,-10.3438644459833,-3.5434306116541,-1.77938581532941,,8.46894144813295,,4.96828752642706,-14.317813552404,-32.258064516129,-0.968702038685938,-5.3840063341251,-0.880919011746568,-2.84210526315789,-27.007299270073,-16.5338645418327,,,-13.5091277890467
2007-10-01,8.90878639659136,-5.65251687358143,-5.74407195421096,-1.93731216879284,-9.73140774733431,,-18.973174049129,-0.844258887744225,-12.0827770360481,-9.06148867313915,-7.05909943714822,6.74239648222793,-21.9982661465106,-3.79771743408107,-34.6153846153846,-8.86792452830188,-10.0623330365093,-8.24742268041236,-11.4255039439089,16.9491525423729,-26.7828125875512,-8.10810810810811,-3.75246872942726,,-6.92158903991772,,,,-1.67451279825829,-11.5148009142986,,4.70477072004319,,6.60345411445986,-20.8959434704164,-31.062091503268,20.5424169761938,-8.05116629044395,-2.88897656247682,2.91970802919707,-25.5402750491159,6.00571973307912,,-13.0766559342919,-15.3430686137227
2008-01-01,10.2010298633975,-3.31335751865796,-5.37527374079236,-2.1723831068405,-14.6906875082793,,-13.0515518613494,-8.07593752227032,-12.3165283982131,-11.8131868131868,-6.3961912647485,17.5491949910555,-23.3135574598989,11.9534783545122,-93.2266470009833,-11.0924369747899,-10.2131438721137,-4.58715596330276,-17.6133651551313,11.7117117117117,-26.3091464953861,-11.3103448275862,-7.34720416124838,,-4.85887975448126,,-9.75609756097561,-9.68882236776716,-0.360416667831345,2.29991984507282,,49.464376112481,,6.45664379288833,-1.12890508212542,-29.0432597379286,17.3155841707632,-8.85984023238926,-3.12136944678168,4.6659597030753,-21.5203426124197,7.68044613194115,-1.12713001586204,-14.4578904257928,-1.47906458797327
2008-04-01,19.609087872523,4.97765994253141,1.21237458193979,2.02211663980717,-9.26446647920675,-5.88926411484482,-9.62790245798116,1.23880665934949,-6.97340043134436,-8.38509316770186,0.625946491670862,34.5300751879699,-22.304753820034,21.6838570400576,-93.4098703471351,-3.95569620253164,-16.7753960857409,7.69230769230768,-21.5439991001462,19.9445983379502,-23.8350639320347,-25.193199381762,-6.25850340136055,,-2.0161154951278,,,,5.98480566259781,-11.1687063088943,,81.9869034233546,,4.17241379310345,16.7092730658586,-26.3225255972696,25.012494280787,-10.1957585644372,-0.95927408778165,4.87804878048779,-19.9029126213592,-4.29235181644359,3.63572529983409,-3.84119604495784,-8.06510323159785
2008-07-01,30.1659706404409,4.6712517797154,11.90616991918,2.94021407017198,-6.25573569899052,,-15.1045244871921,1.16915021428443,-8.44106463878327,-5.17241379310345,4.08340573414421,43.9749031186566,-16.0248181429183,7.88658565642125,-88.0064102564102,-7.73930753564154,9.16179337231968,16.0975609756098,-13.8008642419878,50.974930362117,-11.5690568230063,-17.3015873015873,-2.67673301304049,,0.358230646367554,,-8.85232243282649,1.17818634598751,9.83722296920305,3.42170020682679,,94.5166770681645,,11.7824773413897,9.93302148920441,-27.1629778672032,5.87283062907051,-8.61924686192468,3.20847783819085,3.90032502708559,-16.0,-3.19112171837709,9.43678999003719,,4.87399155722326
2008-10-01,44.7348493984999,4.49754210458955,25.9813489481674,11.2569109814862,4.44078947368421,,-14.743654565679,4.33904197231302,-5.01138952164009,21.7081850533808,12.6040878122634,65.1390319258497,20.4223395387608,7.05665780323174,-87.6913580246914,-1.24223602484472,-3.36633663366338,28.0898876404494,-5.95961944717925,64.6376811594203,2.8209973567867,-0.692041522491339,1.2311901504788,,2.92288997172592,,,,20.4541165720642,20.5627222425972,,99.2986824512227,,26.794790343075,17.865965415571,-21.3557715098364,8.42051888785599,-1.30932896890343,5.58481229190213,3.14083080040526,-8.70712401055409,-6.37351618705036,9.84557026422408,-1.12891482896597,24.9805529300567
2009-01-01,67.7706399993719,16.017968277382,38.6492741426467,33.0363362946374,20.8385093167702,,-9.00030509508797,33.2715148034144,2.9839883551674,54.8286604361371,26.2273330384785,83.4423984172881,59.1690544412607,12.8895729126587,132.423604558322,15.6899810964083,12.9574678536103,24.0384615384615,25.3412514484357,99.7311827956989,36.6053870259709,11.353032659409,13.4736842105263,,12.0942651628992,,,0.134431359581851,31.2199407961327,31.7798112668001,-20.0835999139017,266.037529704187,,44.7113975974216,12.3582548830826,3.5416139640779,23.9303107463351,17.0517928286853,1.45332266983207,22.5937183383992,24.0109140518417,-0.32889241885785,10.3593454044117,3.22090270534621,32.9262544675252
2009-04-01,74.1682526485623,28.5256237916484,47.5423378769104,43.4175195323986,27.3201761539716,24.7671999181362,-6.82648892711244,37.484553531268,10.2009273570325,89.8305084745763,35.5473061101635,73.5224255973173,67.3040152963671,7.15552927261975,146.334962239005,32.1252059308072,21.0526315789474,25.2100840336134,38.7992831541219,107.621247113164,85.8043208833305,43.1818181818182,20.6095791001451,,20.5284795192601,,,2.90328138688173,50.8983004485257,31.6775005378903,,137.498032830839,,52.151605428666,-2.56869977981756,13.2599884192241,30.1719604277051,25.4314259763851,4.89298149112876,26.9556025369979,51.6666666666667,14.0035680679891,14.1351574281596,11.9520341551061,58.2439811952246
2009-07-01,58.5194912016753,33.8033342919781,33.1689272503083,40.9667520349467,24.2943383912547,,1.10982658959538,38.2832763194432,21.0132890365449,77.2727272727273,42.5828762222752,58.4721866188157,55.8216560509554,18.8162544169611,153.280331373597,33.5540838852097,6.69642857142857,12.1848739495798,25.3174934725849,74.3542435424354,98.3739940114465,43.1861804222649,24.6121297602257,,16.706826893827,,,4.56448638307511,55.0759026368535,0.728408667917179,-7.55888118065612,118.582059623011,,36.3963963963964,9.62073013434588,24.462860650706,32.6641301899987,31.5934065934066,-2.59304105896012,34.9322210636079,72.7678571428571,13.0081364951044,14.1862705258521,19.5760796403072,34.3338192644751
2009-10-01,43.3412851859473,25.9315419770651,22.7405749698743,30.258180110603,23.2211882605583,,-3.02455224765745,27.6173099781351,25.4196642685851,73.0994152046784,34.6106442577031,35.1730589335828,19.31241347485,21.3030187237295,99.2270930438374,35.6394129979036,20.9016393442623,12.719298245614,20.5801737154161,58.9788732394366,88.9723521564631,23.8675958188153,24.1891891891892,,6.18949045851766,,,9.8905144472686,31.472569877833,-23.7975888954284,,117.290056443296,,11.6748089690592,8.68111953379692,28.1494876431585,16.1396120209471,32.8358208955224,1.28741830679902,28.0943025540275,66.9075144508671,12.8364324604167,19.0774282892688,16.5463720523762,14.699243379452
2010-01-01,17.7661720368996,8.80696257973865,13.1107738998483,5.73614238056893,9.88177846312003,,-0.547608404112641,1.7337113634122,23.7455830388692,43.4607645875252,19.875613174492,14.924506387921,-12.7812781278128,14.9965916837083,-8.67555666593798,20.9150326797386,11.7338003502627,25.968992248062,-1.08117352858246,23.6877523553163,62.3835573181265,7.12290502793296,17.0686456400742,,18.3125619344807,,,8.52979243206952,8.19975080748125,-44.4311834630257,-12.5225247997973,-7.20095515260056,,-3.51285685361409,-7.91806460789317,31.7126801856829,8.3029379995033,24.8468345813479,7.64751143215207,22.396694214876,39.4939493949395,4.0514025820688,7.28298394177371,-1.16486882254225,-8.35398321224485
2010-04-01,3.65501285829395,1.05244261237499,1.27379619260917,-4.24351782825766,1.16576992057392,11.9069750487543,-10.3611399561555,-6.71699496087571,15.7784011220196,17.6785714285714,4.85566247224279,12.4567195426363,-16.3755102040816,15.0110375275938,-34.2032719309545,-1.62094763092269,9.52821461609622,13.0872483221477,-20.8952012050785,10.4560622914349,32.6953615026321,-6.78210678210678,15.6438026474128,,-8.83494376532936,,,7.08926231681732,4.44899602814771,-25.9176185736991,,-2.88776178010472,,-14.9026433155662,0.121431527293111,24.9233128834356,-12.1667969380247,33.5264301230992,-7.86143686878028,17.4854288093256,12.2877122877123,4.09088997381915,3.6007709847634,-9.77163757842254,-14.6439994037421
2010-07-01,-1.17965188412691,-5.3955235296592,-0.462962962962957,-3.01510571349059,0.879495930690458,,-14.5780928424423,-7.96012460792991,8.85380919698008,12.991452991453,-0.10872292381033,11.2665803946943,-21.7952910398953,2.08178438661711,-40.2759093666746,-1.65289256198346,7.61506276150629,11.2359550561798,-4.44031452227866,6.98412698412698,17.1359424258829,-16.3538873994638,10.2999434069044,,-6.09056196958063,,,4.03229068863847,-8.54058008954402,-24.5041990015144,1.05388208774853,-8.65204273016391,,-14.2448260678115,-11.6494842634923,16.4488286066584,-14.1743219265345,33.4029227557411,1.99229538175656,6.18238021638331,-3.35917312661499,-3.21867214666859,-2.53620699435127,-17.7201552475493,-15.6564304647197
2010-10-01,-3.46010573260492,-2.73002334479929,2.3702664796634,-8.22858340199216,-3.02079702567677,,-11.2891389432485,-6.39004226626928,0.127469725940093,9.45945945945945,-7.48293657399701,8.46597462514418,-21.7366080061884,2.00031501023782,-34.3027215920869,-8.50077279752704,-0.593220338983046,9.72762645914396,-9.07111692844677,11.5171650055371,43.9752045833952,-16.4556962025316,7.50816104461371,,-2.67664415947667,,,-1.58879342282658,0.0512705934923976,-12.1555831330111,,-6.30262822148507,,-13.3482893998878,3.84621803858736,12.5117591721543,-8.18904678467033,36.6416978776529,-3.89932867375221,4.44785276073619,-5.71428571428571,-6.3564357278446,-4.24567449690831,-13.0615181851791,-16.4832319758452
2011-01-01,-8.94469759522628,-9.36096295859937,-1.69036758787228,-5.8697142002629,-2.30382411413871,-11.8143459915612,-15.9905607371615,-4.88303187815766,-5.88235294117646,2.6647966339411,-9.97442455242967,6.56897422940878,-21.8575851393189,-5.32009484291643,-24.6144376431967,-5.27027027027027,-18.9655172413793,-15.3846153846154,-16.2621495327103,8.05223068552776,40.4529855868222,-3.38983050847457,6.86740623349182,,-10.2501812384099,,,-1.22572318653203,-1.88818451183667,-28.3052171196501,3.38285948113213,-6.89932454165327,,-17.2175007869059,5.77267740198851,-4.67445742904841,-16.8023185138525,33.1515812431843,-0.696683918418731,0.270087778528018,-11.8296529968454,31.527015506281,-2.38371814369562,-10.6639092162477,-14.9484536082474
2011-04-01,-6.37536952614112,-14.5479283095178,2.5846579129233,-6.21986883721773,-2.22869444092695,-14.0065146579805,-14.9311365684129,-4.6730117390222,-5.93579648697759,-4.09711684370258,-8.96512777071862,4.05269941285981,-19.8164779383054,-7.32565579014716,3.21077567641647,-6.97084917617237,-17.9054054054054,-9.79228486646884,-9.01849836779108,3.52467270896275,43.4900578648829,-9.13312693498453,2.28928199791885,,-3.18032616491181,,,2.54592693793938,2.17319292862373,-56.4928251091105,,-1.97961418583101,,-11.5684520005113,6.10085426616433,-0.368324125230203,-11.0773164500109,33.4056399132321,-0.780033706771178,-3.26009922041105,-6.13879003558719,29.0604816070291,-5.19422484665422,-4.28179675990824,-12.6506024096386
2011-07-01,-4.72087879946034,-16.214105999864,7.73421926910299,-8.85388087249414,-0.3253090435914,-4.8780487804878,-12.4213626020613,3.25156595885423,0.189155107187894,0.605143721633879,-9.91292699263227,8.98451697317729,-20.5728622203638,1.60233066278222,596.934899743839,-7.05882352941176,-11.1197511664075,-5.05050505050505,-14.2050434532349,5.73689416419386,46.1491618684109,-15.224358974359,3.74551051821448,,-10.2131140789652,,,-0.870863708247093,1.47654922625841,-25.9456191033774,-16.2288867965917,5.98107480806998,,-15.0449293966624,2.0778029502692,2.35069885641677,-5.037244001168,39.1757955138237,-4.30916684680234,-0.727802037845702,-8.37789661319073,39.1445041675702,-6.55109080779293,-0.183572012274244,-7.23684210526316
2011-10-01,-8.95009805055767,-12.844818623308,7.63118235374708,-2.12322198242985,1.9288367077992,5.98591549295774,-15.8279332689921,3.46184645459498,10.4392106938256,2.00617283950618,-3.12190733243365,12.4415142492556,-13.985668396343,11.2723903644225,634.313018391634,-7.43243243243244,-10.3154305200341,-3.90070921985816,-15.9901923621341,1.39026812313802,19.6058130579159,9.25925925925926,13.6133603238867,,-10.0077730803478,,,1.63268218253294,-3.90886816654247,-29.57895360784,,5.319535221496,,-15.0161812297735,-2.53387695227603,5.35117056856187,-4.17301139239083,41.8912745545911,-2.67933747723791,-0.220264317180617,-7.6216712580349,50.2089589413292,-7.88635060702132,-6.0019051760486,-8.55263157894738
2012-01-01,-8.41648496357382,-2.60659850343977,6.27729257641922,-2.98337854584254,4.12975819966483,-1.59489633173844,-11.3697164258962,4.64322194354155,12.4393203883495,-3.14207650273224,-0.957792207792217,15.179841495631,-2.82620179609087,28.8308029425575,14.8332955318667,-8.55920114122682,2.80464216634428,3.27272727272727,31.3701527352273,5.13595166163142,22.7993875423508,-6.34278002699055,17.6964903608502,,-10.5463246852686,,,3.52883677958502,-1.30726272734413,-6.81169524390509,-10.0894215525748,0.898255311798243,,-10.5830164765526,0.493583768932642,5.54582603619381,-7.97095914732621,38.1654381654382,-6.39896260798812,1.68350168350168,-0.894454382826486,13.8389889902666,-2.79043597369676,-2.68261411527275,-13.9393939393939
2012-04-01,-9.01373693619141,-0.862127997436374,0.916195095661541,-2.84523242392346,7.48607693303977,4.54545454545455,-8.11015282190952,4.43309773868165,17.5144880875724,9.81012658227849,1.53535980148883,18.3113129644922,-8.10810810810811,39.0576458405247,799.123638984787,-2.86103542234332,5.8641975308642,-4.93421052631579,42.1004162081998,2.82101167315174,20.8648158026736,9.88074957410563,23.1943031536114,,-3.68531187157297,,,-0.955868351211986,-4.81164570824921,53.9857131884169,,-0.945342041938816,,-12.6047990748771,-1.62963034590793,5.50421031012528,-8.01957430971538,42.5609756097561,-7.37960156525047,2.05128205128205,-0.28436018957346,11.3712436750512,1.023326900503,-1.92157127744353,-15.8620689655172
2012-07-01,-9.8170407534288,0.0025105424937167,-4.52695201677563,-0.767192588159568,6.86684073107048,2.72435897435897,-6.09812012838148,3.13652410726629,15.29263687854,1.35338345864662,6.91449814126394,16.5343827119322,4.10634377467756,33.2078853046595,-81.8567807351077,4.70162748643761,1.22484689413824,-3.90070921985816,27.2049443204863,-0.561272217025257,17.2842904921521,27.7882797731569,23.9366963402572,,-0.574157695801051,,,4.85246911116559,-4.76026712404807,-9.6399595634931,-11.8356750715579,-2.00471698113207,,-3.9588999697794,-0.188004781844822,6.64183736809435,-10.0936655063303,38.7931034482758,57.1036565073487,-0.733137829912032,7.49027237354084,5.33668858792251,1.74668293453124,6.86399299751445,-17.7304964539007
2012-10-01,-8.89869156791656,-4.20477333696342,-6.04633401221995,-0.959443048168275,9.73201692524683,7.14285714285715,-2.88288288288289,4.62792619922861,12.6801152737752,-8.16944024205749,6.71433878157504,13.889414286615,4.74001723642631,23.6330835414932,-83.3984039287907,2.18978102189781,17.5855513307985,4.79704797047972,44.8162025085102,-6.17042115572968,22.1375361997558,2.77349768875193,20.4899777282851,,-2.11478023389631,,,6.12572408305574,0.782646098898971,-19.9332239103293,,6.22306498879504,,6.36709824828635,-4.66036460230586,4.52380952380952,-8.74772909713127,25.756600128783,-15.8472376337409,0.515084621044882,13.1212723658052,2.75062354628161,-1.82481892565771,3.02093916332803,-16.5467625899281
2013-01-01,-5.96891105429739,-5.72588354197039,-3.74935798664613,-2.53219287829665,9.9666628348086,14.7487844408428,-0.467853908843934,8.09953611888466,19.0501888828926,-3.52609308885755,6.18751024422226,10.7621736062103,5.76243544441425,18.0658486210667,583.784317598262,9.98439937597504,19.379115710254,14.7887323943662,-0.0382305215492706,-9.00383141762451,18.459092175251,23.1988472622478,16.1696766064679,,-1.49216741949138,,5.98179453836151,1.96552236368146,1.14484454690855,-2.20118066514701,-20.6731184105891,9.80140386920048,,7.54075124025514,-11.6169369171711,7.46681415929204,-1.9225264191021,20.8061647895673,-25.1619861152309,-2.3841059602649,6.31768953068593,2.85138331416932,-1.0267287555605,12.8382573775271,-7.74647887323942
2013-04-01,-7.49531358068557,-7.28222997695438,-2.01602136181574,-1.34519359658196,8.41065188576937,12.8623188405797,-0.872715297217183,11.7460678628234,22.7397260273972,-10.3746397694525,2.83335879028562,5.51968824521607,6.06783253842078,13.2555541764925,4.55696202531646,6.17110799438991,18.9504373177843,14.1868512110727,-5.45016117764891,-6.5279091769158,18.3600671914627,4.8062015503876,7.14285714285714,,-2.63768943024909,0.926972643002483,,5.70648514333437,5.16295413572891,-13.3583407324641,,7.20978656949505,,13.6123056566325,2.96906585293413,5.70371812341834,-4.87112452343048,14.8274878813801,-10.0371044747101,-8.32735104091887,3.04182509505702,6.89337618981945,-9.05515976088799,1.88699417330411,0.0
2013-07-01,-9.00684588568303,-6.80125771451897,-2.10594315245479,-0.91213325711042,6.54776447593453,5.61622464898596,-3.84114583333334,10.14998632327,25.1637554585153,-4.74777448071216,-0.869262865090413,2.04899267399267,1.1630847029077,13.9916588187811,406.112469437653,-1.38169257340241,12.8781331028522,19.9261992619926,-9.01640981792174,-12.6058325493885,-35.9574191379152,6.36094674556212,-1.39664804469275,,-1.06287380548034,-1.11684255359425,4.13168724279835,1.84818072666527,2.69809706679384,34.219736087206,17.9469074676876,12.2743682310469,,16.0950283196979,10.9754861715924,-0.291036088474971,-9.69929556213287,7.66945719686741,-47.7664308919448,-7.60709010339734,0.361990950226255,11.5433011433558,-6.8083329552524,-11.2360840504037,3.44827586206897
2013-10-01,-11.3199302048367,-8.63329013326077,-7.42446822923724,-2.49376342754836,-0.428449014567271,-4.03100775193798,-2.74919885309495,9.83535779109584,17.9028132992328,-5.43657331136738,-1.20964232877904,-1.41718334809565,-1.67306637410861,8.01436749354585,459.088892175714,8.75000000000001,3.31447049312854,8.80281690140844,-16.4894498126602,-13.5699373695198,-41.6592960509826,10.7946026986507,-10.6099815157116,,1.75347134834288,-4.6252073802222,,4.9134442197337,-2.44103627127462,35.5328170445387,,11.3193768257059,,8.10539882571962,2.75741378266636,-3.13211845102506,-0.894223621496345,3.37941628264209,3.41538830036255,-16.1786237188873,-6.32688927943761,6.73739734353576,-9.01345179667543,-5.93702862019689,6.89655172413794
2014-01-01,-13.8946860561765,-14.1729198441762,-13.153681963714,-0.948563551516321,-1.55759983274095,4.66101694915254,-4.48824867323731,9.80233767710147,11.1514052583862,-7.01754385964912,1.03419001312033,-5.49007114792397,-11.3852480082241,6.12265898332989,2.77296360485269,2.41134751773049,2.91568163908589,-3.37423312883436,-10.7995784535364,-10.9473684210526,0.0,4.67836257309941,-15.1120751988431,,10.9596769774173,-10.410860379394,7.36196319018405,5.640032107462,-0.608794350737045,23.5076856876479,-6.97824951537588,1.53278241209947,-7.67553423462713,10.71569790431,22.1878878733659,-4.9408131755018,1.37971504325368,-0.588812561334642,11.5136650957553,-26.4586160108548,-8.82852292020374,2.60835080697017,-7.4910292434933,-8.94004832458554,-5.34351145038168
2014-04-01,-17.7911198808619,-10.1054055926035,-18.3131216787028,0.0971463385824992,-3.14549294209181,4.97592295345105,-5.33222591362126,5.93956462013573,3.21428571428571,-9.4855305466238,0.334199777200149,-7.02237901003196,-7.09467899075694,1.33698630136987,-0.968523002421308,4.62351387054161,0.245098039215686,-10.9090909090909,-7.90430622009569,-15.1821862348178,0.0,9.17159763313609,-15.1059730250482,,22.134961481379,-7.26254480286738,,4.40551336251221,-2.20625580387184,32.8635416306838,,4.5580642550781,-13.9116575591985,10.9477362061436,2.12798456193467,-12.4861878453039,6.51004761612403,-4.56915818226967,-2.06136000223402,-17.3844949099452,-11.90036900369,2.09834939307543,-5.42859805439212,3.81263845167308,-6.55737704918032
2014-07-01,-15.6059810325795,-9.60381272437525,-20.417051603537,-1.228018293465,0.538867232286168,5.16986706056131,-3.89302640487474,9.91585497969341,-5.32054077627563,-4.67289719626168,-0.070150824272175,-8.67638810992708,1.64958760309923,4.72087808332349,9.10973084886128,6.47985989492118,1.14854517611026,1.23076923076924,4.26944679879321,-12.0559741657697,-4.90341753343239,4.45062586926287,-15.6616754350465,,13.212462916083,-2.79014118210098,6.1650331963326,6.17235700683131,0.672636455394808,4.29267562888713,-3.92475220721109,-8.42022661154494,0.665131747249936,17.9428106789538,-4.84296814101436,-16.8709865732633,17.384027717767,-7.44920993227991,-0.0672223881275605,-22.5419664268585,-15.419296663661,0.604547007500585,-2.94886596930942,11.1926516511027,-7.5
2014-10-01,-17.3603056236775,-9.59609414554625,-20.7522318161862,-5.52993209978496,3.33476764199656,-0.969305331179321,-3.06971904266389,8.61153557403842,-3.90455531453362,-1.04529616724739,-0.643058491895696,-8.05817610062893,6.55509065550906,5.70508157539229,1.58730158730159,8.3743842364532,1.87793427230047,0.323624595469251,2.56870421883339,-14.975845410628,0.0,4.60081190798375,-12.9032258064516,,15.4292841721952,2.61451689420694,,1.0798715912128,-5.61437176998633,-7.1476588153166,,-18.3016254829069,-15.4697624190065,22.5327857994436,-5.25881307940015,-17.2447579854987,5.62793848373914,-7.37989103516592,-1.49682877242727,-16.3318777292577,-14.0712945590994,-1.11524645614113,2.27559993618199,10.2974746895288,-4.83870967741936
2015-01-01,-15.5175859393018,-3.61251399061263,-17.9109062980031,-2.73765677010291,1.33800573431029,-9.17678812415654,-7.30274646769328,4.53927931112851,-4.93474714518761,-8.49056603773585,-2.42151096172944,-8.23033707865168,6.75754060324826,-4.38281780277319,-8.26306913996627,7.4792243767313,2.37366003062788,21.9047619047619,-5.49378304987852,-17.0212765957447,-42.8924151889379,-1.45251396648044,-9.58262350936968,,21.185345819401,10.8780732563974,20.9251428571429,10.0922843064678,-11.2322201576533,6.26155290383146,23.1217746734905,94.9864899209973,-25.4133207368918,16.1428571428571,-16.1438331857993,-19.1120736329182,0.171470564219809,-5.70088845014808,3.38954844714179,-4.7970479704797,-11.4525139664804,10.0714914112675,-3.34691736095674,0.495785349637896,5.64516129032258
2015-04-01,-12.1069631928267,-8.19830607646692,-10.8590492076731,-1.82470622494734,3.12141381684646,-3.36391437308869,-4.84295490436919,3.27747232212786,-5.32006920415225,-5.86145648312611,-3.13841598815692,-8.42423523832109,3.09222909384243,-0.140586136044127,3.30073349633252,10.6060606060606,1.46699266503667,32.9931972789116,-11.9270621894875,-16.2291169451074,-43.6487242349445,7.72357723577236,-14.4802541988198,,16.4207773100658,18.5564520025122,,2.02663384473445,-9.85151538920462,-13.3306756335148,,81.4102524411311,-15.4985453583708,9.29011940690198,-14.1376312668924,-19.1498316498316,2.68145409295684,-7.88446526151444,23.1172511600403,-12.132701421801,-17.8010471204188,-7.44407839046432,1.49708486731356,-12.254366291143,12.280701754386
2015-07-01,-15.3570901276712,-4.98141539042086,-9.96683250414593,0.78337509145051,1.89303227277911,3.51123595505617,-9.14054244452272,2.829933932204,-4.37586365730078,-9.31372549019608,-9.28395928395929,-10.6245777805073,0.295057782149004,-10.4586949171644,7.59013282732448,10.8552631578947,-4.54201362604088,21.580547112462,-11.8349176399237,-17.0134638922889,8.59375,1.99733688415446,-10.8445297504798,,18.7163751872693,29.9970460811343,1.27695056581298,5.29602785841642,-10.5630603582988,8.84369076284646,6.37914760712794,,-18.4498094027954,4.6535677352637,-9.19901754756842,-13.4831460674157,-1.41397851626866,-6.09756097560976,11.2616058142824,-12.1775025799794,-17.6972281449893,-0.0117584469640594,0.895513048221812,,9.90990990990991
2015-10-01,-11.4226214446495,-5.33464784725295,-10.67405355494,7.6063700441181,-1.98834062044555,15.0081566068515,-5.76131687242798,-4.61426613971712,-5.46275395033861,-9.85915492957747,-9.72603954251264,-12.4289989617053,1.51832460732985,-10.8828155721589,6.0546875,3.63636363636364,1.53609831029186,26.4516129032258,-6.29293673450594,-11.9318181818182,-8.88888888888889,4.26908150064684,-9.49667616334282,,9.85742604219189,40.0215749730313,,6.86187307545576,-2.1657022529542,29.3867037939436,,,3.92845736186522,1.53513513513513,-11.779764149534,-14.0421501302392,-0.477049590183312,-5.10695187165776,7.51379325905675,-14.9269311064718,-22.4890829694323,2.90857794454875,0.0447981477314855,,11.0169491525424
2016-01-01,-9.6463698716999,-6.22350044786329,-7.52245508982036,7.61171196899433,-0.429634286911868,15.0074294205052,-7.48415824627504,-4.73973354976577,-8.49420849420849,-4.63917525773196,-5.04149052763426,-12.0048974594429,2.173322466721,-7.16965824967041,5.33088235294118,-1.28865979381443,-7.70381451009724,14.3229166666667,-3.49685953079475,-14.957264957265,-2.94117647058824,9.86394557823129,-10.8337258596326,,5.94377591874942,40.6416870305005,-19.6461565360388,4.1719725727794,-2.99930256222631,-1.7395422544832,6.02240472211592,,6.64977834072198,-1.14801148011481,-14.4160095902738,-19.6117804551539,1.51094687775484,-4.92017796388381,4.79274366864423,-19.6705426356589,-27.1293375394322,-1.76196459210846,10.320584016505,,2.29007633587786
2016-04-01,-8.85439133139258,-4.97730414918179,-11.0778443113772,1.66225821727055,-4.41798352993546,5.69620253164557,-7.81855061773927,-3.88964533867849,-8.90817724988579,-3.39622641509434,-6.99984716490906,-11.1542694374312,5.92070944183619,-3.77951050465671,9.23076923076923,-7.53424657534247,-5.70281124497992,6.90537084398978,-5.61850776735789,-9.68660968660968,-5.18518518518519,7.54716981132075,-9.97876857749469,,-1.14560544758384,40.3300733496333,49.0659014345542,8.26206766717539,-8.01834225397914,24.1715497070176,,49.0659014345542,3.06729264475743,3.92604154160163,2.32703536860474,-16.762103071317,7.9092935718651,-4.63276836158193,7.2932116572973,-24.7033441208199,-19.8726114649682,-1.49784647066429,1.24516465049799,49.0659014345542,1.56249999999999
2016-07-01,-2.73463349051132,-8.61615081273673,-8.85982685577455,1.26255191853972,-3.67095691102407,0.814111261872456,-6.10583446404342,-7.51523082579086,-11.6088631984586,-1.98198198198198,-0.561036951054357,-10.9324537895966,3.13802402549646,4.0276903713027,2.11640211640212,-8.30860534124629,-6.74068199841395,5.25,-6.00000955415534,-11.3569321533923,-7.19424460431655,11.8798955613577,-11.5177610333692,,6.31482818610817,35.9325885249006,56.8573428053915,7.74399814163606,-10.9431737129609,2.13130495358951,-11.6203844375454,,5.76503583670925,14.8880105401845,-12.4792743475201,-16.5584415584416,4.71138061029352,-4.18470418470418,8.87464548061002,-24.4418331374853,-17.2279792746114,-5.47783285800595,4.15761484174572,,-0.819672131147533
2016-10-01,-4.53207707082436,-6.74295244120954,-5.97477775480669,-2.09027673217927,-2.17737652681891,-4.53900709219858,-13.8598822859313,-1.03670469326011,-14.756446991404,-2.34375,0.864270280887836,-11.3265448458641,0.464156781846313,3.62934362934364,14.548802946593,-6.28654970760234,-17.4735249621785,-5.86734693877551,-12.1466441947197,-19.0322580645161,12.1951219512195,-0.248138957816384,-14.8478488982162,,4.57168879174352,33.9643407440018,,10.2367889602479,-14.6424671018361,21.7277148883054,,,-3.84142593730793,18.3666950596252,-8.84475790764837,-20.8264462809917,4.95513706387713,-3.43758805297267,7.4281769481416,-27.1165644171779,-18.7323943661972,-3.95203346704063,3.32001730954683,,-6.10687022900764
2017-01-01,-5.37031399002286,-11.7659710893683,-8.76163496560097,-6.03512985354746,-6.80909282256368,-0.904392764857885,-9.08922621251389,1.49869938318432,-14.3459915611814,3.78378378378378,-4.20445177246496,-11.1868651732294,-1.80802977931402,1.75879396984924,,-2.61096605744126,-6.96920583468395,-13.4396355353075,-14.7941141134867,-18.0904522613065,-1.51515151515152,-3.92156862745099,-17.2213417855256,,1.03966650007213,30.116799124811,68.9456846463268,6.76450851158758,-14.3434702519056,27.3697967355337,-26.5399816152604,,-13.2125890736342,21.2982165076732,11.1246219045807,-22.8143213988343,7.81713581457097,-5.97302504816955,7.09540948292209,-24.3667068757539,-20.2020202020202,-19.6547877401021,0.93591038758172,,-5.97014925373135
2017-04-01,-10.4812532914742,-6.75403601366036,-9.91161616161616,-5.83909023536829,-4.86668995226453,-4.19161676646706,-9.3618723744749,0.161362366086776,-15.9478435305918,-2.53906249999999,-1.23253903040263,-14.4345671815797,-6.27924156611671,-5.05346088913899,,1.35802469135803,-10.9880749574106,-5.98086124401915,-4.90645240060931,-24.1324921135647,-1.5625,-11.6959064327485,-17.3938679245283,,4.48762034082952,19.3832215349769,-6.57176417655675,7.86394624848166,-11.3222970322762,11.8747936446581,,-6.57176417655675,-12.7543273610689,11.887707948244,-12.4688425225094,-19.2307692307692,3.40829435649741,-8.05687203791469,-1.51525958181613,-13.323782234957,-24.3243243243243,-0.236285007570596,4.41254030469752,-6.57176417655675,-8.46153846153846
2017-07-01,-11.0293127904354,-8.62168626572069,-11.1560226354082,-9.49440250984971,-3.09050772626931,-1.88425302826379,-8.42279108175062,0.318532375448914,-15.5858310626703,-0.735294117647064,1.26459143968871,-13.6321555315538,-7.17851200380319,-1.50030248033878,,1.1326860841424,-7.39795918367347,-14.9643705463183,-15.1804363403516,-18.4692179700499,-1.55038759689922,-11.2018669778296,-19.5863746958637,,-2.27240512043228,9.30264954169337,-1.27893178967969,5.57844132928422,-11.594291774253,23.9717946354503,6.41921509978856,-1.27893178967969,-15.9104301708898,-3.16322629969419,-13.0032262834912,-20.6225680933852,3.57827938837306,-11.9578313253012,0.248619597802738,-13.2192846034215,-29.8904538341158,5.88629363896316,3.19256195070805,-1.27893178967969,-4.95867768595041
2017-10-01,-13.2716289936454,-8.63769937250918,-8.2014072119613,-12.7090632732949,-9.76112920738327,-1.04011887072809,-6.72250385717433,-1.79291892037144,-16.2464985994398,-8.19999999999999,-3.50535540408958,-11.1215982381627,-9.3429158110883,-8.33510751543538,,-4.52418096723869,-11.7323556370303,-9.48509485094851,-7.56293590912396,-13.7450199203187,-10.8695652173913,-5.72139303482587,-21.0104744300678,,1.79672288404475,2.63446160587139,-1.35820474821803,0.261974072952261,-4.10905285818678,13.1209999646406,,-1.35820474821803,-20.8053691275168,-12.0805972834398,-12.6598917485916,-19.937369519833,6.52749468078226,-10.4756346658885,5.5660029138362,-13.2996632996633,-32.9289428076257,1.6617842410091,5.66625215364491,-1.35820474821803,-4.8780487804878
2018-01-01,-10.1613419174243,-10.7525868615575,-7.34087380793967,-12.1338361818393,-2.92490118577074,-0.130378096479784,-11.13826104663,-1.49447441693138,-17.3508483853311,-14.5833333333333,-6.19621342512909,-10.7942973523422,-12.2122935282968,-5.08856682769726,,-4.28954423592493,-19.5121951219512,-8.68421052631579,-78.4556060299536,-18.4049079754601,-6.92307692307692,-11.2781954887218,-21.7613273771538,,1.90608396898788,-2.70283637083013,2.86739162216916,-4.8467442843378,-7.74429770653286,2.29227612103218,40.1285025491448,-55.5111934150649,-14.4714334587752,-15.0709522995384,-15.0298951993165,-23.5526788924847,5.91638870897803,-10.0409836065574,6.10970393906852,-12.9186602870813,-29.6564195298373,-4.23095152372022,1.29346263734326,2.86739162216916,-8.73015873015873
2018-04-01,-9.21812132624309,-17.044584523977,-8.78299462742349,-7.99103988171516,-4.71178558315995,6.09375,-8.23217832708011,-0.379688021685774,-17.3031026252983,-11.2224448897796,-4.74209650582363,-10.8319850123478,-11.3767735155018,-1.48174490279753,,-16.3215590742996,-12.6315789473684,-11.9592875318066,-76.6579644042822,-9.56340956340957,-2.77777777777778,-13.6423841059603,-24.5538900785154,,2.99595386590233,-3.98423817863398,13.728463546908,-0.942815843477982,-1.72517455391777,-11.277307899946,,-53.1107980262789,-22.554820744866,-3.45895715023233,-12.9601091838214,-28.2229965156794,3.89021631963587,-10.7280927835052,-7.54421038789267,-19.6694214876033,-25.6302521008403,-15.2061689930283,3.65519020554566,13.728463546908,-9.24369747899159
2018-07-01,-11.3566521635212,-10.5908199022912,-4.16287534121929,-3.97694989275505,-4.69967629780603,-10.8367626886145,-8.74661857529307,-3.84114988725671,-15.0419625564881,-17.037037037037,-2.68972142170989,-10.8709245198749,-10.3457106274008,-12.4063382876796,,-14.56,-17.2635445362718,0.279329608938556,-74.4916178356161,-12.2448979591837,-15.2755905511811,-8.80420499342969,-22.3903177004539,2.56203243890241,10.9108142232549,-3.28813213703099,10.813748918834,0.129695500222765,-1.06037365249723,-13.9118344647093,6.6628074572287,-50.6295210778715,-25.9985984583041,8.29961511891839,-3.23838261919131,-18.8725490196078,7.82728949481769,-9.57919945261718,-5.0554538384264,-8.42293906810035,-14.9553571428571,-20.0231160045465,4.12489754867916,10.813748918834,-8.69565217391305
2018-10-01,-7.20876136055159,-5.45062377769851,-7.44910179640719,-4.30251613784126,-2.73131993743233,2.25225225225225,-9.49905482041588,-6.12724834995593,-13.5117056856187,-0.65359477124183,-1.41271442986881,-12.2743362831858,-5.69082672706682,-3.73940308907212,,-21.4052287581699,-9.55347871235722,-6.88622754491017,-74.057154612727,-10.8545034642032,-1.13821138211382,-11.0817941952507,-18.1747269890796,15.3456013855309,5.49355789851564,-2.27600192112705,28.2543352350893,4.93591412052342,-1.15833780472684,-13.8481014636586,,-44.31834622638,-13.680387409201,21.6595048086761,9.20553854573508,-15.5149934810952,5.66639469061527,-11.0821382007823,-4.70101369777625,-7.18446601941747,-14.2118863049096,-30.8292440751918,7.23425019066772,28.2543352350893,-5.98290598290599
2019-01-01,-3.8357463960615,-2.43625723418916,-9.45428434657731,0.860418515372827,-6.23545835272221,-4.83028720626632,-7.05774518790101,-7.50234069039271,-10.5960264900662,-0.203252032520331,9.90825688073395,-11.6350544432736,0.308451573103018,-4.35471100554236,7.38916256157636,-20.3081232492997,-7.79220779220779,-1.44092219020173,11.1857268872891,-13.7844611528822,2.97520661157025,-5.56900726392251,-14.0293637846656,-1.01290482474759,5.26204217762241,-0.714176790525095,13.2000595561376,4.8429460045325,10.2828456755762,-26.2954584258153,-17.3661058648241,1.2779552715655,-12.44,41.9526925012582,-16.54014213447,-5.9736594543744,1.65615552735917,-8.0377481288643,-0.813988996630907,-8.79120879120879,-15.4241645244216,-26.7189798128364,13.0746977122272,13.2000595561376,-5.21739130434783
2019-04-01,-7.12444114025092,0.514724607584939,-3.84122919334187,-4.27885319221617,-7.46211148214746,-9.13107511045656,-10.6541606541607,-1.45451034141385,-10.1731601731602,-3.8374717832957,3.66812227074236,-7.43959507210391,2.84613104061666,-9.7100228612682,4.69583778014941,-5.53129548762736,-10.7338444687842,-10.9826589595376,-3.23222798470323,-9.6551724137931,-11.0204081632653,-3.0674846625767,-6.33869441816461,-7.15007926724885,6.33863169688197,-1.38572224755536,16.1666973743329,8.97490464729391,8.69616224211107,-6.44258384851288,,2.21481771854175,0.314606741573034,34.1069518716578,-5.12936116392131,-11.4886731391586,0.266433431330115,-9.85203897509924,0.856279451354499,-2.88065843621399,-13.2768361581921,-27.140242525741,7.81802603891069,16.1666973743329,-4.62962962962963
2019-07-01,-3.4040617514448,-3.41383086540107,-5.10325183954426,-2.26066783279759,-6.9568499182287,3.69230769230769,-5.85474308300395,3.56464990509867,-6.15501519756839,1.78571428571428,10.8588351431392,-3.35738624974944,4.62724935732648,-2.03337540316927,11.6724738675958,-7.86516853932584,-8.76803551609322,-5.01392757660167,-8.20218912951567,-10.6976744186047,4.55390334572491,-10.0864553314121,-4.67836257309941,-9.78257626691319,-11.4402842289499,-0.772231300405893,10.2707602569661,7.88289693481192,11.459126246961,3.88043459485603,-13.7849313862101,0.410256410256407,,27.683615819209,17.8036681760159,-19.5871097683786,0.555963223120089,-9.19409761634506,-1.08781675103407,-9.1976516634051,-9.71128608923884,-24.2494715890956,11.4028336200345,10.2707602569661,-3.80952380952381
2019-10-01,-5.70934493013878,-10.2954086319004,-4.39958592132506,2.07909301823729,-6.40771895101434,-15.1248164464024,-1.40992167101828,4.59022980817828,-3.48027842227378,-0.438596491228064,8.70010235414534,-3.39957631393121,11.5881116781747,-8.54144046326457,6.14617940199336,1.45530145530144,-8.84041331802525,8.68167202572347,-10.842895792518,-13.9896373056995,-4.85197368421053,-9.94065281899109,0.476644423260237,-13.7325686827908,-5.67141207338662,-2.08327645051195,0.899976369712723,8.81982016955167,6.82704396406498,4.40469495491899,,-0.0194388647702974,,8.50222857623414,-0.814781670307688,-24.9485596707819,9.51419404757489,-10.6304985337243,-0.265312442192848,-8.15899581589958,-1.50602409638555,-6.50231154495982,4.93543085893504,0.899976369712723,-4.54545454545454
2020-01-01,-0.279332132248521,0.989571575437576,4.73169442241608,9.02207284511728,-10.1861042183623,-8.64197530864197,8.87573964497041,5.14676447309014,-8.81481481481482,-4.07331975560081,6.84474123539233,-1.23223690748286,53.3825338253382,-16.5799432355724,89.6024464831804,0.527240773286467,-8.92018779342723,-5.55555555555555,-12.5147156677074,-0.290697674418613,3.29052969502408,-9.61538461538462,-1.23339658444022,4.08867740605066,-6.44781132559451,-2.87725585562524,4.16100882361953,12.2891071419753,4.95152348950807,17.4441387963901,-5.67190820526038,6.05806991566343,,-10.9196624831596,32.7383271091911,-20.6103051525763,26.6378331516081,-17.1620665251238,-9.41691776316343,-3.2128514056225,-3.34346504559271,-0.365022265255394,4.30905143438965,4.16100882361953,-4.58715596330276
2020-04-01,255.564857121754,14.0478511199109,3.08921438082555,123.746036394333,-17.9736294240111,8.26580226904376,25.8681022880216,29.2572921334098,10.8433734939759,9.38967136150235,28.6436394271272,4.25092860090797,105.707696742577,-23.8805970149254,4.07747196738022,12.1725731895223,-9.69325153374233,32.7922077922078,2.29536595928974,-7.63358778625954,2.47706422018349,42.0886075949367,-4.44444444444445,74.2036440676117,4.44309190505174,1.40776324915869,-0.0656679663451673,-39.4721728087741,13.6270103209251,,,52.0038350910834,,-8.94010686657628,-49.4337190548386,-4.02193784277879,52.1724063762159,0.0,-28.8661205536343,40.4661016949152,23.4527687296417,23.4139135093272,70.686644145137,-0.0656679663451673,30.0970873786408
2020-07-01,135.408553564336,28.952758700148,23.8369184592296,76.5709574567008,8.50459707950243,15.5786350148368,30.9630018367883,33.7733101668517,23.4008097165992,27.8508771929825,31.0774710596616,15.8249507414705,109.090909090909,8.96077870025767,59.2823712948518,26.219512195122,21.1678832116788,38.7096774193548,28.4043805332378,40.1041666666667,28.6222222222222,34.2948717948718,21.5746421267894,18.8000425866689,6.1405127162744,12.8980849424952,9.914267999136,-9.64254227741734,30.0437052146881,86.8863226332111,40.0149460106867,41.9943820224719,,-10.2055381101913,9.27514568384048,5.38509705698183,58.1464489570756,-4.5,-6.02231910344016,35.9913793103448,34.0116279069767,-6.19483149206613,57.4552251758794,9.914267999136,41.5841584158416
2020-10-01,90.1541752616887,34.6694442821429,,54.3148948901931,-2.28654507005022,27.8546712802768,19.968220338983,31.7384949430153,15.5448717948718,15.8590308370044,25.7062146892655,16.5204678362573,99.4081248318536,-5.36868487006991,11.4241001564945,21.3114754098361,10.9571788413098,27.2189349112426,26.1150495722918,28.0120481927711,21.866897147796,34.4316309719934,6.45161290322581,0.529907501827846,17.3775899368573,21.2536947186437,18.59242010599,2.01967745143382,31.6498145049829,89.7108651456969,,175.671808165911,,-7.6732289567509,29.2316200431808,9.18437285812201,39.8341082327618,-3.44544708777687,-15.6008005140013,37.129840546697,48.3180428134556,-6.5746009584382,44.2198753915014,18.59242010599,30.4761904761905
2021-01-01,55.4987281908017,16.3933266217872,,32.8020850151071,2.58322972786297,29.1291291291291,18.8858695652174,14.5167115550354,13.2412672623883,22.7176220806794,23.28125,10.2827246201831,55.3929430633521,10.2920328891409,,19.5804195804196,31.0567010309278,31.8885448916409,34.3786566814884,48.9795918367347,10.1010101010101,53.3333333333333,2.49759846301634,-10.5645199236365,18.539537685623,18.4286128462613,-2.79532383598127,-2.95190680407869,23.4400338978508,,21.348164480283,146.721682651451,,2.13324842792327,239.185982929113,29.8676748582231,19.4933533478047,-4.48526270824434,-17.2751915560265,30.9128630705394,69.1823899371069,-3.98329134771617,26.5867851334914,-2.79532383598127,21.1538461538462
2021-04-01,-54.2777081982218,9.58775572153996,,-34.8056967517854,15.8375634517766,10.4790419161677,1.86056458511548,-22.0936770907699,-9.42028985507246,-7.2961373390558,8.57891290111329,5.21575613618368,-2.08800448430493,25.7703081232493,,6.73076923076923,28.2608695652174,10.0244498777506,34.0759949195597,52.3415977961433,-0.716204118173679,-1.0022271714922,8.87949260042283,-30.2349934929912,-7.82902784773692,14.6193793540215,-11.4221097027616,86.2732552968569,7.28193132590015,,,60.527564021698,,0.61306708705553,706.19059005361,15.4920634920635,-13.0106781732851,-12.0496397117694,-6.8104045213064,-10.7088989441931,25.3298153034301,-17.5705481786636,-13.8295059807704,-11.4221097027616,-16.4179104477612
2021-07-01,-41.3915951235051,-7.93645313677766,,-27.1558342190521,-10.006230529595,-2.43902439024389,-12.8030454818674,-33.9616080688847,-23.753280839895,-23.156089193825,-5.84239130434783,-8.21917808219178,-25.7605431518475,-12.9926431949553,,-7.89049919484703,3.2128514056225,-21.5644820295983,9.20630492397824,-16.9144981412639,-35.3835521769178,-12.291169451074,-18.5029436501262,-7.30721079017044,-19.3988395567615,-1.81390424655923,-21.3033901348335,21.2054607196138,-10.6032255190234,,-29.9442761711359,50.1576746695441,,-6.40597679224288,201.736099615441,-5.82293523469993,-24.238622907109,-19.5026178010471,,-9.82567353407291,-5.2060737527115,7.40270224030034,-15.6088921397935,-21.3033901348335,-29.3706293706294
2021-10-01,-38.7553267506831,-11.5770108146595,,-28.7436170549253,-6.80373326119303,-10.5548037889039,-10.242825607064,-31.2133568453946,-24.1331484049931,-22.8136882129278,-7.71535580524344,-16.5531457250403,-35.6044252563411,-4.39085586841372,,-13.0067567567568,2.4971623155505,-29.5348837209302,0.373366521468575,-10.1176470588235,-34.468085106383,-14.3382352941176,-12.7450980392157,-6.74986950604013,-20.0999182021767,-14.1707294637108,,11.8920892695788,-15.5119417959305,,,,,-7.46306245802551,172.017120708221,-6.34023854362838,-25.3682557520291,-21.2829226847918,,-8.80398671096345,-26.8041237113402,2.56246352369179,-6.19501077252278,-33.2211229222384,-29.1970802919708
2022-01-01,-35.4797323252591,-5.87219343696027,,-30.1254155915842,-7.94505790465932,-20.5813953488372,-21.6952380952381,-30.8049961535644,-23.1707317073171,-26.9896193771626,-14.638783269962,-13.1009944348143,-37.0919881305638,-16.0411311053985,,-14.9122807017544,-17.6007866273353,-31.6901408450704,,-25.440313111546,-29.2166549047283,-33.0249768732655,-12.933458294283,0.754921149887599,-28.1043258909976,,,13.1955116731095,,,-8.059244301784,,,-9.64850752084794,-22.9224851049132,-22.0281416787967,,-13.1932021466905,,-15.689381933439,-27.3234200743494,,,-30.507716460577,-24.6031746031746
2022-04-01,-37.9175190129703,-9.74440894568691,,,-4.9225825299445,-18.2926829268293,-17.4049968507243,-24.8773524568714,-21.36,-15.0462962962963,-12.9071170084439,-17.618286144295,,-16.2026726057906,,-20.2059202059202,-6.46186440677967,-34.6666666666667,,-35.0813743218807,-15.9603246167719,-33.1833520809899,-13.3980582524272,-31.1753598815235,-22.0826029046811,,,4.33931337856593,,,,,,-9.42722841225627,,-25.1786695986806,,-19.2080109239873,,-14.8648648648649,-20.6315789473684,,,,-20.5357142857143
2022-07-01,-28.529206649386,-6.25,,,-6.39711991138189,-16.1842105263158,-5.23897058823529,-21.7813712647703,-5.93803786574871,-0.669642857142857,-20.2741702741703,-12.7889961954931,,-12.939755397856,,-1.04895104895105,-12.4513618677043,-22.911051212938,,-19.910514541387,0.427807486631016,-9.52380952380953,-5.46955624355006,,-11.097616957267,,,1.64063647803563,,,-5.21051301805854,,,-10.8101222826087,,-4.92113564668771,,-9.64769647696478,,-7.73286467486819,-14.6453089244851,,,,-13.8613861386139
2022-10-01,,-6.52985074626866,,,-2.65602322206096,-6.5052950075643,-3.00049188391538,-22.9233884365147,-3.74771480804388,6.89655172413792,-7.79220779220779,-2.56685640640103,,-12.3341594984692,,-0.388349514563101,0.0,-9.57095709570958,,-12.0418848167539,7.25108225108225,-4.00572246065809,4.69867211440246,,-11.2510883619697,,,-1.88914946928255,,,,,,-3.84650276694185,,0.268096514745316,,-9.6060442525634,,0.0,3.09859154929578,,,,-13.4020618556701
2023-01-01,,-2.56880733944955,,,-3.64248098303101,,-5.27852104110921,-8.5555587245451,,,,-1.48031496062992,,-4.43968156766687,,1.37457044673539,12.0525059665871,,,-12.8608923884514,9.17248255234297,7.18232044198894,22.2820236813778,,-7.45909072361101,,,,,,,,,,,,,-19.5260175167439,,9.58646616541353,6.13810741687981,,,,
