,United States,Japan,United Kingdom,Canada,France,Switzerland,Germany,Australia,Netherlands,Denmark,Sweden,Spain,Hong Kong,Italy,Singapore,Finland,Belgium,Norway,Israel,Ireland,New Zealand,Austria,Portugal,India,Korea,Brazil,Saudi Arabia,South Africa,Mexico,Thailand,Malaysia,Qatar,Turkiye,Philippines,Poland,Chile,Greece,Peru,Hungary,Czechia,Egypt,Colombia,Argentina,Russia
1999-01-01,12.7439072618532,11.2412177985948,1.84930159354713,11.3692797233667,,,,7.98942011674108,3.601108033241,24.0105540897098,3.14501209620037,-7.14105793450882,5.60374739764052,-1.57856093979442,-24.3839169909209,8.56760374832663,-2.23880597014925,12.0689655172414,3.9142091152815,-3.03030303030303,2.69309794295522,23.6514522821577,0.22753128555177,,10.1196724753307,,,,,,4.14366968611754,,,-6.54619843163996,23.1732776617954,12.8041797881477,7.61223162003905,,-2.14132762312633,15.4793315743184,,,,3.09278350515464
1999-04-01,-9.43539539858014,5.78947368421053,-2.49179061232374,-3.48868895981371,,,,-10.343371466867,-9.71479500891265,-12.1276595744681,-3.98730684326711,-8.04285908042858,1.2978478725152,-0.658958100211358,32.9331046312178,14.3033292231813,-6.02205258693809,6.15384615384615,2.1155830753354,1.875,3.67728694390023,-26.3422818791946,-3.17820658342794,,-15.4051477597712,,,,,,13.0823067742784,,,38.4896023349143,4.11402157164869,31.4700843855085,-2.72067714631197,,-8.31509846827135,0.228484386900228,,,,-12.0
1999-07-01,1.9439712027846,-4.87562189054727,3.50633914421553,-5.49599460956802,,,,-2.01716593810254,-8.9832181638697,7.99031476997579,14.24055180342,-0.162241887905598,4.15180019461562,-5.55694618272841,-33.2903225806452,-25.5663430420712,-0.722021660649809,10.1449275362319,16.3719050025265,-5.82822085889571,7.70444770181469,-8.2004555808656,-4.68933177022274,,-9.96168582375478,,,,,,-3.98715666896225,,,-31.5068493150685,2.60470623057569,6.77251741389573,-1.24300807955253,,-3.69928400954653,6.91489361702127,,,,-1.13636363636364
1999-10-01,-10.1608714793305,-6.48535564853556,-6.22009569377991,-14.2390587175462,,,,-3.87806210092499,1.51843817787419,-1.56950672645739,-15.2704402515723,0.457970158073557,-3.89286826533789,-0.0795123244102836,7.93036750483559,1.8840579710145,-7.0,-3.07017543859648,-7.9895788102475,-11.7263843648208,5.27123093274342,9.67741935483871,0.123001230012293,,-17.3216520650814,,,,,,-9.43074587102122,,,12.7307692307692,7.08207125342564,-20.2868636343091,8.11831340465702,,-2.23048327137546,0.28429282160625,,,,2.29885057471264
2000-01-01,16.7049005630094,9.48967561521253,-0.714285714285705,11.9072495707068,,,,13.1225962222702,6.51709401709401,-3.18906605922553,3.22149643705462,-2.47058823529412,-10.5800388852884,2.06896551724138,-5.73476702508961,18.0654338549075,-8.21114369501466,8.5972850678733,-8.58895705521472,-4.4280442804428,2.80213703836389,34.6153846153846,2.33415233415235,,0.701846805933992,,,,,,6.56196324066359,,1.83540556542333,-1.09177755032412,15.3690732758621,-9.2897104407651,-2.61932479627474,,8.36501901140684,5.03189227498229,,,,-3.37078651685393
2000-04-01,-10.9166569000032,1.14303934145569,-5.15930113052416,-5.52677110826983,,,,-11.9912868864187,-9.02708124373119,-16.4705882352941,-12.1961743132461,-6.63449939686368,-8.22612792172494,-4.23596673596675,85.361216730038,6.62650602409638,-9.05218317358892,-5.41666666666666,4.13009808982963,1.54440154440156,-5.16487603305785,-34.1176470588235,-10.4441776710684,,-22.9826269278109,,,,,,1.15918808574711,,-17.7906976744186,51.0175922731977,-0.910683012259194,13.931198299752,-8.06933652121936,,-7.2514619883041,-8.90688259109312,,,,-13.953488372093
2000-07-01,3.72621531589077,-7.28253454302522,3.46770697876029,3.81848087701457,,,,-6.95026928663568,-9.92282249173098,-0.845070422535211,3.98034398034398,-0.209948320413433,-0.789733464955583,-5.65807327001357,-61.8461538461539,-25.0847457627119,10.0702576112412,3.9647577092511,18.9885969261279,-6.84410646387833,0.227449989324665,-0.76530612244898,4.6916890080429,,-3.70678031867427,,,,9.84294397008751,,4.09701549500039,,-8.41584158415842,-21.7679305619004,-5.33757511488158,14.5942683662832,-2.86085825747725,,-7.94451450189154,-1.4074074074074,,,,-4.05405405405405
2000-10-01,-8.68660020299553,0.537319299395415,-8.02262253875156,-8.08845055825639,,,,1.85629792343578,-1.59118727050183,-4.82954545454545,-20.7624448645243,-0.647353940767122,-10.6865671641791,-1.10743563929239,47.5806451612903,-0.603318250377078,-5.3191489361702,-9.74576271186441,-8.41666666666667,-15.9183673469388,-4.30377252129859,5.39845758354755,-0.896286811779773,,1.72358297051217,,,,-17.5650097627833,,-14.0043262268336,,5.48262548262548,-8.52554744525547,3.11177495643516,-21.8915080036387,0.133868808567608,,-4.65753424657535,-3.00525920360632,,,,-1.40845070422535
2001-01-01,24.9332566622402,4.54845017561722,-2.82395809610568,16.3510108029587,,,,16.8978836166614,0.621890547263689,17.6119402985075,8.21073558648113,-4.78905359179019,0.490196078431379,-0.218150087260035,-31.8761384335155,12.7465857359636,-10.0,11.2676056338028,-8.098271155596,6.31067961165048,-4.93511213410664,23.6585365853659,4.78036175710594,,25.8309000488981,,,,20.364323162174,,-3.69525596069193,,,-64.6228534950527,14.3650410429744,4.540067835397,2.00534759358289,,6.60919540229886,1.47172734314486,,,,1.42857142857143
2001-04-01,-4.8693488208685,6.69318449409805,-2.9060229669557,-3.5996939731715,,,,0.15529026731279,-9.6415327564895,-10.1522842639594,-7.5142384714312,-4.73909324208725,3.50332594235033,-4.78064422095905,68.9839572192513,11.3055181695828,-0.374531835205993,1.68776371308016,1.28712871287129,6.84931506849315,-7.5168052502469,-15.3846153846154,-3.82244143033292,,-23.3094144015891,,,,-11.7402672427007,-23.3490009228854,9.71047855150738,,,3.37803577518617,1.5305045387376,10.0695801735595,-7.2083879423329,,-6.60377358490566,-6.6412213740458,,,,-14.1830985915493
2001-07-01,10.2510161775976,-1.99219283525938,11.0789283128168,1.92621347221081,,,,-2.93624025446506,-6.01915184678522,14.406779661017,11.5017878426698,0.754310344827586,18.2947729220223,-3.70427062605234,-10.2848101265823,-23.3373639661427,6.26566416040101,5.8091286307054,27.6148582600195,12.3931623931624,-2.5386201301777,-1.86480186480186,2.05128205128204,,-7.40591612660506,,,,10.7235788028093,-24.0941927535421,8.74407343891858,,,-2.13238355150562,-2.57823058529994,5.81184743234605,-1.9774011299435,3.09206288828478,-4.61760461760461,4.08830744071953,,,,0.91908747743312
2001-10-01,9.32294082778457,1.16663057144599,-4.4980443285528,-1.09306718163905,,,,1.19771044773477,8.1513828238719,-0.740740740740741,-11.4733654017459,3.93939393939394,14.469395146686,1.62136385312351,62.7865961199294,2.20820189274447,15.8018867924528,-6.66666666666667,2.75756415166603,-8.74524714828898,-1.2570424775383,11.4014251781473,3.76884422110553,,-0.396093035702344,,,,1.50559452669334,-8.29244900217637,-2.84049796842241,,,-1.63602865770029,1.84612101163164,-21.2220376243938,9.51008645533141,-3.1239925787227,-2.87443267776097,-4.94893951296151,,-0.569787849286581,,2.50447227191413
2002-01-01,18.1016926438316,4.71754152665729,0.546075085324232,19.0685031028398,,,,8.7660600948433,16.4199192462988,-1.24378109452736,7.72791306097806,10.7528725776025,11.6753678215472,-1.67370561551698,-22.8602383531961,13.7345679012346,-0.916496945010183,11.764705882353,-5.0316809541558,7.08333333333334,-1.26248570441656,31.1300639658849,5.69007263922519,,10.7106219626924,,,,16.8776277087675,30.4332086400386,12.3109532538955,,,-0.14804701240585,9.20997485331098,10.5915684979656,3.35526315789474,14.850793152191,13.0841121495327,-2.89256198347106,,14.9230864704566,,-5.37839124226559
2002-04-01,-6.25623840688237,4.71489058327053,0.203665987780041,-7.51887497543697,,,,-11.7495430783163,1.04046242774566,-7.5566750629723,-7.5284886979264,-2.29173118612572,11.1772205694858,0.62042634425709,36.7977528089888,14.1112618724559,-7.29701952723534,1.12781954887218,-5.61224489795918,7.00389105058366,-8.7899797891913,-26.5040650406504,2.74914089347079,,-17.0622770950137,,,,-11.2842506843641,-10.7965584235359,2.08365212955879,,,26.8546706676533,-1.4295308452461,7.08851006452856,-11.7759388924252,-6.03363395805842,-5.64738292011019,-8.68085106382979,,-4.13653662802684,,-7.29376257545272
2002-07-01,-0.91558062587012,-3.97398903969325,7.92682926829268,-0.541969475312626,,,,-4.64246597950518,1.02974828375286,13.3514986376022,15.4141414141414,4.40570522979397,1.60550458715596,-6.00790513833992,-25.6673511293634,-24.6135552913198,12.6385809312639,-1.85873605947956,19.5010395010395,-0.363636363636374,-0.652832318478831,0.884955752212396,11.2597547380156,,-5.14910950757507,,,,9.50305722146895,-34.7645716656295,-8.64249964607224,,,-16.8423908025575,0.0681331516449335,2.88695026531163,-0.721500721500717,-12.1300074403273,-2.62773722627737,3.82106244175209,,-2.3468583174798,,-5.89618375836498
2002-10-01,-2.44805491340034,-5.53303543880452,-7.65850596359071,-7.02191178509417,,,,-2.25439694221531,12.004530011325,-6.00961538461538,-10.3973394013653,1.63934426229508,-6.42086782041635,3.2296047098402,24.8618784530387,0.315457413249207,5.90551181102362,-5.68181818181818,-7.16771050800278,6.56934306569343,-1.35545211409322,5.92105263157895,14.9298597194389,,1.75705224473387,,,,-13.4894880720593,0.0582935877054018,-9.93409478318733,,,,-1.84806925396363,-18.0594405594406,3.70639534883721,4.37283591513942,0.749625187406292,0.897666068222632,,1.16358457937064,,18.2586969056314
2003-01-01,14.5989621272953,5.14482305270611,0.543847722637661,12.2606309631906,,,,13.7781048250329,48.432760364004,16.3682864450128,20.980660285212,4.31600955794505,4.4492093272581,7.07185921459997,-16.9247787610619,14.622641509434,0.278810408921933,13.6546184738956,1.53673163418291,-4.10958904109589,-2.94587036710327,27.9503105590062,3.74891020052311,,21.8480351092414,,,,14.8981540420115,55.2407181822995,8.62000910885077,,,,2.13061143593302,5.69020695540858,2.52277505255781,14.7100215313116,13.5416666666667,3.55871886120996,,2.24197261812992,,6.85844303591744
2003-04-01,-3.69636194451219,4.17487930570464,-3.56096461573136,-1.15871973347852,-5.13281682346432,,,-8.93480791618161,0.272479564032705,1.75824175824177,-1.6147263038915,-4.82462419470294,13.779830638953,-6.57434180490033,38.7483355525965,15.5006858710563,-6.30213160333643,10.2473498233216,-7.34588409007014,3.92857142857143,-9.50869612456226,-12.7831715210356,-2.10084033613446,,-6.72899296693617,,,,-2.98385086285698,-11.6133874654566,3.0422466968562,,,-0.840609979883962,-4.90005821851349,10.860568867715,-9.43267259056733,-8.29970085248397,-4.45609436435125,-0.945017182130589,6.23145400593472,-9.26003395303172,,-11.467680608365
2003-07-01,-0.248537844375579,-9.51548919572577,7.96915167095116,2.4388539536541,-3.19381653784454,,,-6.01896239480132,1.01902173913043,3.23974082073434,12.9492860659774,1.41395908543924,-0.23680649526387,-5.19628604007167,-5.75815738963532,-26.4845605700713,9.89119683481701,2.56410256410257,21.6733067729084,6.87285223367698,-1.94968771285745,-4.45269016697588,0.257510729613734,,0.528112346243235,,,,37.5038035360445,-35.8860539622496,-0.869903334026617,,,28.4033750335031,0.265279053157836,2.68040861663966,-0.603773584905665,-3.16511789286307,-5.48696844993142,6.33130962705985,1.86219739292365,4.95612382561348,,-2.42226421577049
2003-10-01,-8.27990007384243,-3.83888357934197,-8.39826839826839,-11.5841873367861,15.1401024404941,,,-3.69938080934029,6.11970410221923,-3.34728033472804,-0.04359197907585,1.30525066745771,-14.4455747711089,4.38144329896907,-2.74949083503055,1.29240710823909,3.15031503150316,-9.68750000000001,-4.42043222003929,-13.8263665594855,-16.0303402087832,8.3495145631068,3.93835616438357,,5.19526926058647,,,,-9.5850832390525,17.0981336544249,-17.606385404789,,,-25.9340421043625,-0.600386689732365,-19.6545425526255,7.21336370539104,4.58301121460021,-0.580551523947742,1.46818923327896,0.639853747714808,-9.14774388627882,-10.1445125875738,0.633802816901408
2004-01-01,9.7007767692051,0.985129020443355,-1.86672967863895,11.7198870685586,1.85790919795892,,,11.6028870198748,12.1039290240811,14.2857142857143,12.9524640209333,1.44948755490483,-2.45739199365834,3.80246913580247,-88.9200698080279,13.5566188197767,1.83246073298429,2.07612456747405,-3.9739636861939,14.1791044776119,5.27430183578347,39.9641577060932,-3.04777594728172,,10.3911107262116,,,,12.6996385836258,51.6447300771208,6.44014879766175,,,3.12736825647527,7.18673218673219,31.9678041171883,18.6260623229462,14.8190525488677,9.1970802919708,7.07395498392282,-1.99818346957312,19.9074863330437,-1.30550553243392,14.8005598320504
2004-04-01,-9.35630771052917,-3.34043894461717,-0.963159162051524,-6.21009175008158,-8.81181759794476,,,-10.0640784432207,-0.339174674957603,-14.3939393939394,-4.55598455598456,-2.68437003896666,-1.40864147365569,-8.70599429115128,-7.22026209677419,16.0112359550562,-15.3384747215081,6.10169491525424,-5.1730288976097,-4.57516339869281,-11.6730823021698,-16.6453265044814,0.934579439252341,,-10.4821698347093,,,,-9.24050404443081,-10.7286344418866,1.62365692056458,,,13.8711879726257,-8.17574021012417,18.9097274876232,-9.19402985074628,-10.2375012061147,-2.94117647058824,-5.63063063063063,7.18257645968489,-11.9242938865875,4.17268709643273,-14.9192319414813
2004-07-01,-1.00164494293266,-0.339939683680762,5.49477267201555,-0.313973563215594,0.0140864910550651,,,-2.70605711158454,-6.23936471922858,11.0619469026549,3.51941747572816,-2.13554797567848,0.604478637175432,-7.9555323953448,6.10484856716011,-26.8765133171913,26.5182186234818,3.19488817891375,9.17983446200151,-0.684931506849305,-7.18680443712564,-0.921658986175115,5.72390572390573,,-0.0768735971738473,,,,14.817200258911,-36.3209965629213,-23.1909275142781,,,5.03393353386188,-3.72373621801538,2.40569001247151,-1.38067061143984,-3.61865876571758,3.99449035812672,0.318217979315827,-0.95114569822741,-8.75173065014843,-10.2001091076984,-2.90166577109081
2004-10-01,-5.03180790461207,-7.8973370825776,-4.28670200507029,-7.25017018416687,10.3239436619718,,,-6.45653997207629,4.3557168784029,-13.3466135458167,-13.1171030350397,-1.04561297166237,-8.83517684009285,14.2857142857143,-17.9936,0.165562913907275,-8.4,-9.28792569659443,-5.37560303239145,-5.86206896551725,-6.01227671680688,4.8062015503876,5.57324840764331,,1.92272240564883,,,,-9.98769145156505,-2.53116240233798,0.859495762486008,,,-2.64868260214536,-0.896715643906665,-15.6636159273317,2.86666666666666,2.6747455434966,5.6953642384106,-0.0793021411578066,-3.79746835443038,-3.77850294075784,-8.88300479285082,13.2632355653938
2005-01-01,9.58407981815353,3.90220529791471,0.168552853359029,10.1345962549919,-3.53632069449764,,,15.8527312566902,10.8405797101449,14.2528735632184,10.1499250374813,-2.54211332312403,-7.42959856201319,-0.330250990752976,-13.9072072423616,16.5289256198347,3.23144104803493,9.89761092150169,-13.6926438455936,0.0,-4.75634000034574,14.3491124260355,3.69532428355957,,14.3142383809962,,,,2.96197763945546,64.9859875417621,25.1529284308156,,,-5.06298039762078,3.82644718194702,0.334410032300975,0.518470511989634,17.5439221045002,9.77443609022556,2.14285714285714,-2.49546279491833,10.7056972035318,6.91513431239459,-7.21498371335505
2005-04-01,-9.95322601126663,-0.770524231565577,-1.05769230769231,-6.74561184410746,-4.6585494970884,,-1.70637544525734,-8.89571280689528,-4.49790794979081,-16.7002012072435,65.7002858309514,-7.16530483972346,-0.29126213592233,-8.68124585818423,1266.54126818656,9.64539007092198,-6.09137055837564,5.59006211180124,-2.9957805907173,16.4835164835165,-8.96187717349479,-9.57309184993531,-1.16363636363636,,-9.32660587200965,,,,-9.35668636599024,-18.1548789081334,114.722307261921,,-7.60682422914383,20.3112715379428,-4.07391852162956,9.50270802560316,-6.83430045132172,-9.44261001649433,2.28310502283106,-6.29370629370629,5.49092601209865,-12.4144071306167,-7.16509252470108,-10.7776022467966
2005-07-01,-0.301791333091032,-4.24965212727611,8.57628765792032,1.5400608389642,1.13825652415324,,-1.33454853199661,-5.39709648785922,-6.35268346111719,0.0,-14.6377525874815,-9.44482058226134,-1.73644920480363,-7.69230769230769,-28.8557213930348,-26.3906856403622,9.27927927927927,1.47058823529412,16.8334058286211,0.0,0.830176641811874,-1.14449213161659,5.37159676232524,,-2.83903332301661,,,,10.7571671327811,-32.0914087883306,50.196656833825,,1.23665932576656,-6.04720192385887,-1.83887915936953,-1.51494189263973,1.03806228373702,-5.9177341650359,2.34375,0.746268656716418,14.2479047198941,0.330350150861402,-5.24862504916823,-0.393468424158961
2005-10-01,-5.50196268536616,0.19100911184035,1.76773327366301,-11.8241383477222,9.77216579741972,,-2.35110407319433,0.565922968608754,0.526315789473684,-15.2173913043478,-3.90685142417243,4.31775700934579,-11.5111478117259,17.1580188679245,-7.55244755244755,3.69068541300527,-2.72052761747733,-14.2028985507246,-6.85033507073716,-13.2075471698113,-1.53911860546048,3.47322720694645,2.72346368715084,,-3.2129110395859,,,,-17.0232978203405,6.03563325770721,-23.3381342062193,,7.2289156626506,-0.848952199006452,-4.18153434433541,-16.5253514484392,0.34246575342465,-6.92033826931385,1.5267175572519,-0.0823045267489664,1.11969111969112,-11.5099266055959,-10.3598796687176,2.86391467509382
2006-01-01,6.43744231128595,0.0760107576562883,3.38610378188214,12.3293933280038,0.962740685171287,,4.65325795626028,16.3583747422732,2.09424083769634,11.3960113960114,10.2944121770479,4.44364809173984,-1.67973124300112,-5.97215232343567,-13.9183055975794,11.1864406779661,1.35593220338984,2.02702702702703,-7.15427657873701,10.1449275362319,0.617720298819188,16.5034965034965,-2.51529571719918,,11.8552919265412,,,,13.2622577825123,23.7594789339542,-25.263661283849,,3.51123595505618,7.1878924021971,-6.76131735133249,1.87702848900108,0.0,4.67885506125206,4.08163265306123,2.30642504118616,1.56548300878198,23.3175353386305,13.1779926693791,11.1751152073733
2006-04-01,-7.78200916769787,-1.82312896632571,3.44534240748618,-8.66126677769189,-8.65634674922601,,-9.53836220811363,-11.4843729358341,-10.0854700854701,-12.2762148337596,4.49428000726348,-5.59272602504718,1.00607441154138,-13.0776092774309,55.1845342706503,10.5182926829268,-4.18060200668897,1.98675496688742,1.26904864399483,7.23684210526317,-6.54843164962198,-20.7683073229292,-4.74198047419805,,-12.0349053939998,,,,-10.5961627422566,-7.04566256483272,11.2886639167248,,-15.8600934720338,-0.212335685266158,-12.6560159760359,6.22938827041409,-9.82935153583618,-1.24624638670869,-4.437564499484,-11.3526570048309,-8.79699248120301,-10.2880854022359,-7.38745862344713,-4.50777202072539
2006-07-01,2.46287684923455,-2.65962712188697,7.33963815789474,7.7063996658264,-0.989696312364413,,-3.32357909261771,-6.78345542359123,-7.16096324461344,-5.53935860058309,-19.6628725345382,-3.67072505905869,-0.338282277767337,-8.29228243021347,-28.1993204983012,-25.1034482758621,-0.959860383944159,-16.5584415584416,5.76072910290417,7.66871165644171,2.91355029408874,-6.36363636363636,3.80673499267936,,-0.0920726494144364,,,,29.6080438067005,-26.2171506093959,36.504391841596,,1.70220390611002,6.7652582125412,-5.64446984852814,-10.6213415379147,-4.39061317183951,-3.41316423656371,2.59179265658747,-0.454132606721168,3.46248969497115,,-1.10211445757733,-10.8337854946645
2006-10-01,-9.26357249675683,-3.66502590875747,-6.30147481325416,-13.4295739532555,1.45145830480623,,0.113200118121862,-3.71101295826416,2.25255972696246,-4.62962962962963,-7.76552022496214,2.96170533861535,-12.992645672261,13.7421665174575,10.7255520504732,-2.39410681399632,-1.05726872246696,-24.5136186770428,-8.27974276527331,-15.954415954416,-3.70516406982824,1.7799352750809,7.12270803949223,,-2.68132991034043,,,,-9.65732482320343,5.09349189638043,-2.48626368460443,,4.05214940098661,-11.2113319382048,-7.31485688323489,-20.705617726191,5.22565320665083,-0.813050390489757,0.947368421052631,-7.11678832116788,-16.4143426294821,,-15.0914689657439,1.39959432048682
2007-01-01,13.5635755777214,2.98490630232253,2.67784137367129,14.7317033378619,1.88959373734648,,-7.33821673795127,16.6617867664335,4.60614152202937,17.7993527508091,13.297373358349,2.41846830340784,-1.36540962288687,-8.63833136560409,-3.41880341880342,12.2641509433962,0.267141585040071,12.3711340206186,-8.19456617002629,12.8813559322034,-7.79674751192853,15.2623211446741,1.25082290980909,,8.12742564925874,,,,9.17829548208085,20.5794790755425,-5.53125843649968,,8.56755841517102,-0.750821968249771,-8.97058823529412,8.07748366166721,3.6117381489842,17.282936181868,-1.66840458811263,-8.25147347740668,0.428979980934223,,13.0199605433552,7.78155631126225
2007-04-01,-7.504884189887,-5.71958715092869,-4.75811268166434,-6.5446354018994,-10.4914558219632,,-8.9839950481917,-12.768831780479,-11.2316528398213,-11.5384615384615,2.51500724487684,-4.83005366726297,3.5376840254889,-10.2089166487185,17.5516224188791,6.21848739495797,-4.70692717584368,1.37614678899083,1.84630071599045,8.4084084084084,-12.841369122748,-10.7586206896552,-4.42132639791938,,-7.44995086642462,,,,-15.5379443783218,1.01919622745276,15.462057252968,,-9.54460386774798,-7.1650424375365,-15.8499371746545,3.00387175359986,-10.9658678286129,-12.2523636008006,-4.34782608695651,-11.7773019271948,-0.711912672045562,-12.6641801996323,-14.5567376707035,-17.2976985894581
2007-07-01,6.31695802762811,-1.30675713410058,6.04096989966555,1.31835757801239,-3.24108332100044,,-1.01039541435927,-4.91864070841725,-5.46369518332136,8.07453416149069,-18.6572438162544,1.8609022556391,-0.80645161290322,0.671623890621247,-47.8042659974906,-22.3101265822785,-4.3802423112768,-7.2398190045249,4.12058040568408,-0.554016620498607,-3.98824337080581,-2.6275115919629,-0.884353741496595,,-5.13402199374306,,,,15.7819629791915,-23.272771500223,1.97933682669665,,2.72413793103449,4.73565121044446,-4.58617747440274,12.1866751135044,-2.52854812398043,-2.89703849106494,2.32815964523282,-2.9126213592233,0.1434034416826,-3.03478781802083,,-4.30879712746858
2007-10-01,-2.47801820776639,-1.54271719792521,-9.1070372560615,-9.7332150634195,2.29427959620679,,-2.94435175188929,2.47600133890413,0.152091254752856,-19.2528735632184,-1.6259153531091,7.51061081380329,-22.9995721009842,16.4879675959018,10.3365384615385,-1.62932790224032,-1.55945419103313,-13.1707317073171,-9.01737486496219,-3.89972144846797,-5.10747882823498,-8.25396825396826,0.343170899107748,,-1.95488615371549,,,,-7.9068682600225,-5.32314799438396,-5.87025865057902,,5.67304464585431,-18.0279576333835,-5.67851553767047,-3.48165995306755,2.25941422594142,-2.82248289441786,6.93391115926327,-5.25000000000001,6.15751789976134,-7.92929722883065,,-0.75046904315197
2008-01-01,14.9110498583829,5.53821349198236,3.07959227933203,14.4566742750867,-3.70813397129188,,-0.566285772069986,8.15334800776058,4.32801822323462,14.2348754448399,14.1054756497603,12.7875042911088,-3.02861906085024,6.32031090202495,-89.9949164851126,9.52380952380953,0.0990099009900932,16.8539325842697,-14.6081424055173,7.82608695652174,-7.20025431361814,11.2456747404844,-2.53077975376197,,10.5236359261265,,,,10.6374367454772,39.4049080732862,34.8526091296517,,8.41804320203305,24.0502109778449,-6.30481156672196,5.18432805257786,2.70049099836334,17.0022706214171,0.0,-3.29815303430078,2.01560251798561,26.808197436391,11.2240440446463,25.4326086956522
2008-04-01,0.391588430931561,2.3650926881777,1.87250157795077,-2.53760225953315,-4.79813664596272,,-5.40018305705278,-3.92962260360502,-5.82241630276565,-8.09968847352025,10.2056612118531,8.91797291127681,4.89971346704871,-2.40477106579454,14.3717790520433,14.7448015122873,-11.6716122650841,14.4230769230769,-3.01274623406721,16.3978494623656,-9.91512198835306,-24.7278382581649,-3.29824561403509,,-4.6846063844657,,,-0.720312058037297,-10.1592534657154,-12.2808121246783,40.5858894867663,,-11.4854966305303,9.58410464873063,-12.6233240576777,9.76181058564683,-12.2709163346614,-10.2940498185087,-4.15400202634246,-9.95907230559346,-11.7515791199593,-8.45708199712642,-3.95231129442009,-22.8262753404663
2008-07-01,15.7006568928474,-1.59482237812916,17.2449401073936,2.23012187780209,-0.0326211058554923,,-7.00924532358632,-4.98406057752426,-6.95517774343122,11.864406779661,-15.8623457409451,9.01215593125611,7.21114449603933,-10.7431500098561,-5.00729834359332,-25.3706754530478,25.4199328107503,0.0,14.3966547192354,25.1732101616628,11.4740014647062,7.64462809917354,2.90275761973876,,-2.8352289832747,,,1.97895941736241,19.990494902095,-10.6704395052713,9.00060035088469,,10.2284011916584,-1.34540047467902,-5.67458019687318,-4.98932989487553,-0.817438692098093,1.18916999659489,1.37420718816069,1.81818181818182,1.29567216926947,2.39289136248886,-2.76372484412227,9.15896743143553
2008-10-01,8.43716893358984,-1.70611433246332,2.3251717456403,-2.44042382282064,13.9663892967858,,-2.53179190751445,5.68684013068884,3.90365448504984,3.63636363636364,6.42737896494158,23.3145347346834,10.4203821656051,15.5918727915194,13.2349011223945,5.29801324503311,-12.8571428571429,-4.2016806722689,-0.740992167101828,4.79704797047972,10.3340450531263,10.1727447216891,4.37235543018335,,0.550661362538948,,,-6.60961355856506,0.99487702091714,10.3685105575465,-3.55616951116261,,19.8648648648649,-12.1127230040144,1.84162062615101,-1.15907501570483,10.4395604395604,-0.585008930446062,6.15224191866526,2.97619047619047,2.66780596663159,-7.58538466408158,-4.81787713121582,18.2777643231726
2009-01-01,33.2001273906079,17.1733694244145,13.4446548459287,36.8624787053458,11.4101646385111,,6.1321314197604,38.1435007221924,13.1095123900879,45.3216374269006,27.9103641456583,25.2884315559713,28.1725888324873,12.1131066106228,88.925600330403,28.3018867924528,17.0081967213115,13.1578947368421,13.8141108264372,30.8098591549296,23.2914044921305,24.7386759581881,9.25675675675676,,20.372307420384,,,5.90349281454976,20.5258758499282,52.375063650251,147.674070459863,,23.7379431291494,18.2535193616421,23.3574442435202,20.2311757489708,21.8076285240464,12.4240206218375,18.860510805501,31.3583815028902,8.6018365683709,27.4013110162842,16.1173280233303,33.4070499058738
2009-04-01,4.21982974908144,13.4008601217923,8.40667678300457,5.0676508458632,0.30840400925212,,-3.1403665623603,-0.892602868610942,0.777385159010592,12.6760563380282,18.3426769446391,3.02804048448647,10.2610261026103,-7.36196319018405,21.2173261297274,31.0457516339869,-5.34150612959721,15.5038759689922,7.40088472258816,20.9959623149394,22.5292790073464,-3.21229050279329,2.78293135435993,,2.48712947593767,,,2.02490317848107,3.31368754473536,-12.3489152276091,-8.78292664726512,,-6.93460214618343,-4.97430019271369,-4.42218421695577,15.2898752370038,-5.99046970728387,-7.25267221997768,-0.743801652892562,10.1210121012101,0.938327072365584,-5.32505136376605,4.17206054844116,-8.12742386589826
2009-07-01,5.30512296843197,2.44603752124532,5.82306830907054,0.483178681632383,-2.4084037919549,,0.911503403715247,-4.4320611411705,2.17391304347827,4.46428571428572,-11.4951887490748,-0.442869796279886,-0.146938775510204,-1.03016924208978,-2.32899652196316,-24.5635910224439,10.5457909343201,-10.4026845637584,3.28513019152141,5.11679644048943,19.0152241555085,7.64790764790764,6.31768953068592,,-5.9160776236687,,,3.62524274873459,23.3124180290723,-31.6661962834777,0.319044502617801,,-1.18568476014359,10.9970739037411,3.65541922290389,-3.1703304855308,4.05503258508328,-6.03251821982169,7.74354704412989,15.984015984016,0.411200639275488,2.4387459262986,3.85816273652541,-7.33460513774222
2009-10-01,-1.94566586709958,-7.48884805800877,-5.68783068783069,-9.85155959292633,12.9824100813862,,-6.51726503544477,-2.46492130826578,7.68702814001372,1.1965811965812,0.476708204399097,5.18440634098997,-15.4512753433617,18.0111524163569,-10.9308643929203,6.94214876033058,-1.25523012552301,-3.74531835205992,-4.49323493747474,-4.44444444444444,5.10492628092856,-4.69168900804289,4.01810979060554,,-8.51072058476357,,,-1.85274211666156,-14.3770514911698,-16.5047207066206,-4.12623338497921,,-1.86041391457508,-12.8660460024802,4.85819975339086,-13.4706068397908,11.482254697286,3.3754456139384,0.772797527047922,-0.516795865633075,2.51181298184531,-3.62681362772291,-7.22951331094658,0.989982647420352
2010-01-01,9.43441100915373,1.23975472821644,4.54417952314166,11.097134342414,-0.650633205530377,,8.84295499021526,10.1249590013355,11.5997450605481,20.4391891891892,13.9087730980523,6.5205690119185,-6.30438986656352,6.28445424476296,-13.3976959753606,14.3740340030912,8.13559322033898,26.4591439688716,-6.63176265270506,1.77187153931339,5.94405276600386,7.87623066104078,2.99238302502721,,34.1145532893758,,,4.59214019340624,-0.809197348667474,11.1159323445948,5.7752828102407,,6.90970274817724,0.192314695118621,26.7873941674506,12.118418050162,14.4818976279651,19.4834091681591,13.5736196319018,9.78354978354979,0.146496761068124,14.7823983124489,-1.52871217643582,6.59376971503969
2010-04-01,-8.26815879397548,5.31893950493649,-2.93801985511135,-4.84891534214288,-7.64822827739446,-13.6427566807314,-12.698055961344,-9.12514935195052,-5.71102227298685,-7.57363253856942,3.51479722323712,0.815707788926573,5.71723426212591,-7.3503260225252,-12.6662791095305,6.62162162162163,-7.21003134796237,3.69230769230769,-14.1121495327103,8.05223068552776,0.127545184168387,-15.7757496740548,1.53195985208663,,-21.0291386710234,,,0.670713308208505,-0.26769138115949,16.8533270852858,-4.54326149887423,,-17.9204700451159,3.32221033446986,-9.34891485809683,-6.50042178238976,0.545256270447097,-20.6149273474136,-4.72653612424039,-11.3564668769716,0.976633055416489,-8.57452588212799,-4.89945911549475,-14.4329896907217
2010-07-01,0.393493987132456,-4.09085128862161,4.00829302004148,1.77222722668479,-2.68456375838927,6.84039087947883,-3.83575749774745,-5.70564080397666,-3.93700787401576,0.30349013657057,-15.6854440208951,-1.49649147930687,-6.61850839515814,-12.1561100447857,-11.3434355299738,-24.5880861850444,8.61486486486486,-11.8694362017804,24.7698585418934,1.81268882175227,5.05989272433352,-3.40557275541796,1.4047866805411,,-3.0838279163072,,,0.667155073157421,7.97693275725983,-30.362453966408,-5.63558251200404,,-0.421833056372236,-2.05245195714672,-3.37630448127686,-5.38347966377813,3.95878524945771,4.01680721192405,-2.62225372076541,-0.177935943060503,-6.6399630970529,-3.62939740875704,-5.29104954483257,-8.43373493975903
2010-10-01,-4.20844259169811,-4.88232771348482,-3.00332225913622,-14.697539847615,8.6141834743006,-13.4146341463415,-2.91794940436355,-0.801097839426478,-0.945775535939459,-1.96671709531014,-6.94072337575351,2.53689031038743,-15.3878319046623,17.9169701383831,-2.02278950622736,-0.504201680672269,-8.78693623639192,-5.05050505050505,-9.1214728313718,-0.395647873392675,29.1875316032427,-4.80769230769231,1.38532580810672,,-5.18478352263271,,,-7.15584549177687,-6.33348868102471,-2.84765478784156,-1.66041778253883,,-0.834403080872908,2.41628483954283,1.31300296484541,-7.43625631034811,14.188836724048,-2.59607664515333,-0.873362445414847,-2.94117647058824,-0.811739613984138,-5.31715242062965,-1.97690218991166,0.0
2011-01-01,3.21726021707672,-5.66180650581559,0.397314700643917,13.9527468884057,0.0838624655564762,10.387323943662,3.07458982490005,11.8978415153672,4.9013367281986,12.962962962963,10.8412055780477,4.65759251382391,-6.44922164566345,-1.34342186534898,-0.626577713667516,18.4121621621622,-11.849957374254,-2.48226950354609,-14.0157094943117,-1.39026812313804,3.3522304011313,24.7474747474747,2.37854251012147,,23.677988156685,,,4.97801385937734,-2.73197261641432,-9.31202086461709,5.10167029774872,,2.13592233009709,2.05099021003747,7.4205685618729,1.59999550152385,11.5577889447236,23.4653055320532,9.03083700440529,2.66299357208449,40.6607056744567,17.0143582228966,1.18695110568682,8.55263157894736
2011-04-01,-5.6797406764695,-0.708106984514342,1.28275109170306,-5.20286724212025,-7.5772085228633,-15.7894736842105,-11.5971107544141,-8.92449589175434,-5.76456310679612,-13.6612021857924,4.67532467532468,-1.5647226173542,8.47860538827258,-9.31288151510408,19.5690632796553,4.70756062767475,-5.99613152804643,10.5454545454545,-6.68251496939157,3.52467270896275,2.29264399270264,-20.7827260458839,-2.81759762728621,,-14.8083735226472,,,4.51477798404076,3.86076701393015,-29.0888690385411,0.500950077733643,,-12.319391634981,3.64278422765415,-5.25394045534151,-0.0665252037541846,0.737100737100737,-20.681558848405,-8.08080808080808,-5.6350626118068,-0.916987715227476,-11.2067907353181,1.89446192200392,-12.1212121212121
2011-07-01,2.16760090728922,-5.96092512909933,9.22931824306118,-1.08625961960317,-0.79005310192979,18.1818181818182,-0.998638220608261,2.13309395049413,2.31809401159046,5.22151898734177,-16.5632754342432,3.17230938618222,-7.49939128317507,-3.69347600966517,498.657005197466,-24.6594005449591,17.5925925925926,-7.23684210526315,17.6571544754341,3.98832684824902,7.0068233027333,-9.88074957410561,2.84842319430315,,-10.1236252705873,,,-2.6870356207385,7.24071763027816,18.5313772179123,2.02818838088689,,-4.33651344319167,-5.76635242258496,-0.739371534195933,1.04334659554106,8.45528455284553,0.317056293172875,-0.073260073260069,-2.55924170616114,0.654637904428214,-5.00865927438684,-1.23603648107672,-2.75862068965517
2011-10-01,-8.46040769778991,-1.05735483055742,-3.0960897989392,-8.39840426987495,11.0704960835509,-3.52564102564103,-6.69417698303531,-0.599070934269654,9.18816865953431,-0.601503759398488,0.0743494423791713,5.78936837190688,-8.37062384838115,29.1397849462366,3.2319391634981,-0.904159132007244,-7.96150481189851,-3.90070921985816,-11.0123963791798,-4.49017773620206,5.72472367828749,22.6843100189036,11.028684470821,,-4.96794282216877,,,-4.81102932372411,-11.3044229808842,-7.61424609243371,-2.27425876010782,,-0.80084617709277,-2.21068702737687,4.28305400372439,-6.59385652060241,16.4167916041979,-0.937069509742814,-0.366568914956016,-2.14007782101168,7.07548545246366,-6.67004354736466,-7.69070153438898,-1.41843971631206
2012-01-01,3.82218212995295,5.42021036854178,-0.865580448065167,12.9513121748787,2.2449459332393,2.49169435215947,8.53398853398853,13.1755431199901,6.80115273775215,7.26172465960666,13.3172362555721,7.20635521089465,5.68802068371158,14.2242575631418,-84.4597912829957,16.970802919708,1.04562737642584,4.79704797047972,34.4577459962075,2.25269343780608,6.11182073775367,6.93374422187981,6.05790645879732,,22.9378466878599,,,6.93658210036258,-0.0985034890049965,20.0075754387442,0.6895362868471,,7.46382330540745,5.22086457007599,7.61904761904762,-2.42675604752584,8.62846104314231,18.7464242448921,11.1111111111111,10.1391650099404,6.60264632345977,23.4878307680262,4.76009737956946,2.15827338129496
2012-04-01,-6.29484003050035,1.0703685198747,-3.82639958911146,-5.06788154520296,-4.59822968157258,-10.5348460291734,-8.34591005131301,-9.10737603943638,-1.51106314085266,-2.11565585331453,7.31027700376988,1.11150317572336,2.58222343027997,-2.11395942169846,836.203831720324,11.2324492979719,-3.19849482596425,1.76056338028168,0.939621262966519,1.24521072796934,0.681133852418778,-7.06051873198848,1.7219655606888,,-8.27425584861988,,,-0.0126365571565596,0.172877566687032,17.1745864749547,-1.33538777606574,,-14.3019135364989,1.45303425436719,-5.29129793510325,-0.119315953938254,3.94190871369294,-21.5125619610822,-7.74834437086093,-5.05415162454873,-3.06486026356924,-7.72322151693269,2.69129847649231,-14.0845070422535
2012-07-01,1.26557876632873,-5.14075613867911,3.33778371161549,1.02940282232403,-1.36160983250995,16.1231884057971,1.16910917174379,0.865075674885429,0.383561643835604,-2.88184438040347,-12.1429662440813,1.62275344616995,4.79597244303127,-7.74481817053494,-87.9198312236287,-18.7938288920056,12.4392614188533,-6.22837370242215,5.32391236649188,0.567644276253548,3.83683014393465,4.8062015503876,3.46820809248555,,-7.2204413017018,-4.44946868641194,,3.01977938354042,7.29860156242043,-30.4448457156539,0.937011972930765,,5.12735693020178,-4.38535084842991,0.330932450846802,-1.23510682623368,5.58882235528942,70.1588054041242,-2.79971284996411,5.0380228136882,-4.79924711261892,-4.32849399372865,7.61093589446612,-4.91803278688525
2012-10-01,-7.5282436755048,-5.22004828449181,-4.63824289405684,-8.57587026500255,14.0483752748595,0.624024960998445,-3.49934895833334,0.838312716525528,6.71397379912664,-9.94065281899109,-0.113004172461763,3.38827838827838,-7.81289506953225,19.8573927081932,-5.53964373035279,-3.28151986183075,6.914433880726,4.79704797047972,1.30775101187884,-9.87770460959548,10.0996323657691,-1.33136094674556,7.94094173982441,,-6.44048281515952,-5.86815579007147,,-3.6551211108791,-6.14237693318566,-18.1382673551348,5.93089221248066,,9.86469477658905,-6.59241482726056,2.21187427240978,-5.19552646900137,5.48204158790171,-46.9368222600095,0.886262924667651,2.98642533936652,4.44673213339366,-9.94610231869994,-11.0103379568047,0.0
2013-01-01,7.16106069625281,3.74626727772758,1.55805446416473,11.1576615482752,2.46358183376178,9.76744186046512,11.2329229212346,16.9307674891482,12.8388746803069,12.6853377265239,12.7578104603603,4.26262178919398,6.71969281404279,9.0807049051521,540.068037272593,25.8928571428571,2.58690379951496,14.7887323943662,-7.18832577400907,-0.835073068893516,2.91602683960483,28.1859070464768,2.2550831792976,,23.7198102867169,11.8395254135036,,2.74459418638831,0.260528233129078,46.5851350877808,4.08146705615061,,8.64957754546757,-2.45670363501571,10.6492027334852,4.87122305304123,4.35227854582694,5.6025529824918,7.90629575402635,3.51493848857646,6.70718347884676,24.4916936871886,14.7431476262305,12.9310344827586
2013-04-01,-7.81595176616945,-0.598175441483502,-2.09445037353254,-3.91176282513373,-5.94814969684298,-12.0056497175141,-8.71872630780895,-6.04128666975055,1.54125113327288,-9.06432748538011,3.92066064675465,-3.67420622278858,2.87843741968646,-6.10207861699939,43.1542461005199,7.3758865248227,-3.54609929078014,1.22699386503067,-4.52525029321276,3.99999999999999,0.596970218674456,-20.9356725146199,-6.1822125813449,,-9.34091071378159,0.332644070844201,,3.65575052510818,4.15237451182061,3.80698525017332,-3.66414594215327,-4.23026602703881,-9.46355608277317,18.195995937908,-6.84508492022645,-3.12212572140559,-1.20215897939157,-5.65012589437702,-13.3649932157395,-7.97962648556877,0.744628064049825,-15.2084520254354,-7.27517446040249,-6.8702290076336
2013-07-01,-0.389107062189598,-4.6486750077206,3.24294863060361,1.47288681542957,-3.05657441369345,8.6677367576244,-1.86046511627908,-0.575591440739362,2.36607142857144,3.21543408360128,-15.3063497957668,-1.71976628817109,-0.0499625281039366,-7.14520547945205,-41.5254237288136,-24.5706737120211,6.69934640522875,-1.51515151515152,1.35128518971848,-5.97165991902833,-43.815690977952,6.36094674556212,-4.77842003853565,,-5.71975075890132,-6.38440860215054,,-0.740459822794164,4.78368821939439,7.75041164346495,5.70526826899733,-10.9972677595628,7.42466152278352,3.04922247111329,-5.35911602209945,-6.24782031068524,-0.993295257015142,-1.20369437284416,-2.03602192638998,2.30627306273064,-0.65795817381338,-1.9648931158201,-6.24938789786639,-1.63934426229508
2013-10-01,-9.87891468587625,-7.08316295676613,-9.81918965289693,-10.0351726664773,6.58105939004814,-8.56720827178729,-2.40352064996614,0.550281720100321,0.523331879633668,-10.5919003115265,-0.455980357769199,-0.123387549074588,-10.3974006498375,13.572524489555,4.34782608695652,6.65499124343257,-2.14395099540581,-4.92307692307692,-7.01327559933424,-10.8719052744887,0.297176820208024,2.7816411682893,-2.14488061513557,,-3.77721672938795,-9.20794448432639,,-0.755487186189844,-10.8391225741571,-17.3374083652141,5.02985760220487,-5.24430800716296,2.30383520802278,-13.5095306976738,-0.700525394045534,4.04870052713446,1.27915726109857,5.05790096556911,-8.47322142286171,-3.87736699729487,-0.0534121307028204,-12.0769746683196,-5.697805867188,3.33333333333334
2014-01-01,4.04972385697452,-2.54394395398379,-4.72705985657836,12.9191981523136,1.30163511187608,19.7092084006462,9.24384321886923,16.8956142620856,6.37744034707158,10.801393728223,15.3188865398168,-0.0449236298292954,-3.82147838214784,7.1703211056843,17.6587301587302,18.5550082101806,2.19092331768388,1.94174757281553,-0.864735691245437,2.17391304347826,76.4051851851852,21.1096075778078,-2.89495450785774,,34.9134334505928,5.05508407569447,,3.45616150000194,2.1435078772629,33.5793882669287,-5.06880968000584,14.3088552915767,11.2730162935488,15.9878292018059,8.58318636096414,7.2774473684552,0.3467062902427,13.8721027894169,-5.32751091703058,0.750469043151975,2.57930574025128,26.5747374546001,11.0799002483242,0.0
2014-04-01,-11.9874602037215,4.11267266484886,-7.91090629800308,-2.89733614402064,-7.46522247000107,-11.7408906882591,-9.52532147959993,-9.34669158186241,-5.70962479608484,-11.4779874213837,3.20067221755404,-5.23595505617976,7.85962877030163,-10.3364685348589,37.9426644182125,9.69529085872577,-6.0490045941807,-6.66666666666667,-1.42632556810061,-0.945626477541378,0.596970218674456,-17.5418994413408,-6.175468483816,,-0.210196356621424,3.8585047666834,,2.44442026997429,2.4783893493685,11.6704894076203,-0.793712342430392,-10.6991025035428,-9.27380952380952,-1.20854809324857,-14.2393069842989,1.78039066256589,-5.15794669299112,-17.1357308906451,-2.67527675276752,-11.0800744878957,0.243890040771164,-13.3180760793533,5.71067315683248,-8.06451612903226
2014-07-01,2.25858296296421,-4.11663473424775,0.5838198498749,0.129509050545825,0.631168235024105,8.86850152905199,-0.368485699245482,3.15616183459712,-6.09861591695502,8.70337477797514,-15.6476683937824,-3.46810528811952,9.3573541274536,-4.04455499080784,-35.5745721271394,-23.2323232323232,7.66096169519152,11.9047619047619,14.7484969746177,-2.50596658711217,-46.570642237577,1.76151761517616,-5.40172492056288,,-12.6073395245285,-1.86965553891492,,0.939299052498172,7.86835331113314,-15.4201476756682,-7.41541952781064,4.07299656175615,14.1976118619604,-3.98461119360732,-10.1010101010101,3.32366481437573,-3.98126463700234,0.807906249651352,-8.15165876777252,-1.78010471204187,-2.11143298462064,0.605659873814444,0.415318491331434,-2.63157894736842
2014-10-01,-11.7522895775737,-7.07522914945773,-10.1990049751244,-13.9534997679742,9.54498802600068,-13.9044943820225,-1.56745332863685,-0.642900862301762,2.0267157991709,-7.18954248366013,-1.02667602667603,0.552723699563962,-6.073272682567,14.6399188549532,-2.84629981024668,8.55263157894737,-1.43830431491294,-5.77507598784195,-8.52998530111653,-13.8310893512852,5.46875,2.9294274300932,1.05566218809981,,-1.89307159392982,-4.16010240252068,,-5.51568323281217,-16.4072212104419,-26.4050412418669,-6.30279673804457,-20.4320203303685,6.28518901528209,-13.8875019644876,-1.14700374531835,-6.37184673013515,1.35501355013551,3.55497620423774,-1.13519091847266,-2.34541577825161,-1.76195805276829,-7.34389398110415,-6.45700308355115,6.30630630630631
2015-01-01,6.369849503035,3.90639817917432,-1.31117266851339,16.2567790205863,-0.655840099937539,9.7879282218597,4.47307210592234,12.5127566331095,5.23702031602708,2.46478873239436,13.2547211632237,-0.232089415501136,-3.63874345549738,-3.05741250491545,6.25,17.5757575757576,2.68817204301076,23.8709677419355,-8.65733492955152,-0.284090909090905,0.740740740740741,14.1009055627426,0.807217473884135,,41.641102651238,13.515179534597,,12.6804473117694,-3.93609080528801,52.8701705534285,126.568762156278,0.862344298946024,5.47027027027027,2.66173635881314,6.13308074828321,1.73577005792043,2.16577540106952,19.520875738352,7.72442588726514,3.82096069868996,14.1840047743444,19.6163949842225,1.20867992161336,11.0169491525424
2015-04-01,-8.43432345281663,-0.840657794429887,0.0,-1.98588442530321,-5.83673897097348,-6.0921248142645,-7.124507621168,-10.4408925261563,-6.0918060918061,-8.93470790378007,2.44246124941287,-5.43617998163453,4.15647921760391,-6.35838150289017,55.3308823529412,12.8865979381443,-6.8810770381451,1.82291666666666,-8.13648690883062,0.0,-0.735294117647059,-9.86394557823129,-11.2576542628356,,-4.13356970491836,11.0507738256856,-7.7011043431828,-5.06092754670268,4.07235059396545,-8.91902476343137,-7.7011043431828,1.17162761241292,-14.6268962689627,1.15497039223213,-14.2793395805444,4.33068869325798,-7.35409578644334,-1.32444540711544,-10.1744186046512,-17.4553101997897,-15.7078230748969,-8.97380250671972,-7.7011043431828,-2.29007633587786
2015-07-01,-1.52275611553525,-0.756715200223978,1.59056886227546,2.78950518331195,-0.567549521477854,16.6139240506329,-4.86815415821501,2.70914912659643,-5.16217450890817,4.71698113207548,-20.9995414947272,-5.78753155952612,6.39019300991131,-13.9592809183452,-32.8994082840237,-23.0593607305936,1.28514056224899,2.30179028132993,14.8685502943969,-3.41880341880342,2.96296296296296,-3.64779874213836,-1.380042462845,,-10.8841212940202,7.59983700081499,-12.9417065153951,4.17384994995997,7.01694483261704,6.21962682239067,,0.438184663536776,9.35286348901428,1.53798180518845,-3.80010411244144,-0.797382261977511,-2.11864406779661,-8.89944810794972,-8.1984897518878,-1.65605095541401,5.74910296183479,0.0093715183376757,,-4.68750000000001
2015-10-01,-7.65025842659945,-7.42067783450146,-10.9044022840302,-8.12818546147178,5.37213206491326,-4.34192672998643,2.0934289591006,-7.83569090176994,0.867052023121387,-7.74774774774775,-1.50899593731863,-1.47735862021577,-4.92767835253738,14.0969162995595,-4.23280423280423,1.48367952522256,4.8374306106265,-2.0,-2.7802592042344,-8.55457227138644,-11.5107913669065,5.22193211488251,2.58342303552207,,-9.2140859709113,3.23044877864042,,-4.11061773790038,-8.55857945985277,-12.514826878542,,1.40230601433468,3.11813790074659,-16.334992406657,-1.78571428571429,-5.48203574299672,2.42424242424242,0.0667590682909835,-4.23031727379553,-8.03108808290156,1.10726061208132,-8.12513714673445,,7.37704918032788
2016-01-01,8.50289538422591,2.93077753084473,2.17076700434153,16.2625503794718,0.924057355284121,9.78723404255319,2.5631289158914,12.3647608731475,1.86246418338109,8.39843750000001,19.1318012178354,0.251081043381225,-3.01701908200103,0.981798124655278,5.52486187845304,11.9883040935673,-6.65658093797278,11.9897959183674,-5.93180779606217,-3.70967741935483,7.31707317073171,20.2233250620347,-0.682056663168946,,36.5951650314849,14.0179030009538,,9.84408310494223,-4.75460646144008,16.0945637670555,,3.50338045482483,2.68313458262351,-0.406057915429011,-0.743801652892562,3.76796816604811,2.36686390532544,16.4959407963771,1.71779141104293,-2.39436619718309,9.00172296697353,31.9024156870428,,2.29007633587786
2016-04-01,-7.63172093700053,0.477071123011432,-3.84459732901659,-7.40472255135943,-9.60850347295307,-13.6950904392765,-7.46019992595336,-9.64168059555784,-6.51664322550399,-7.74774774774775,0.329760923330595,-4.52205370808403,7.97660196756181,-2.93860607384751,61.0820244328098,5.74412532637075,-4.86223662884927,-4.78359908883827,-10.1561316541389,6.19765494137354,-3.03030303030303,-11.7647058823529,-10.4067617538299,,-10.5486108783806,10.8047234467004,71.2253887229188,-1.33334300627895,-1.31259273368653,15.0988515974752,,-2.22684085510689,-10.2447117378681,20.9442114521897,-11.240632805995,10.9067668171144,-7.07404349022847,1.0300598466288,-15.8021712907117,-9.23520923520924,-15.481199126958,-16.461987263074,,-2.98507462686569
2016-07-01,5.08926715375361,-4.55718720894133,4.12457912457912,2.38536687883529,0.209570380719525,11.2275449101796,-3.1006201240248,-1.16536368504871,-7.97392176529589,6.25000000000001,-15.5299917830731,-5.55231710871466,3.59517360256096,-6.97805289814293,-37.2697724810401,-23.7037037037037,0.170357751277688,0.717703349282297,14.4042372585728,-5.20504731861199,0.78125,0.233918128654978,-3.06603773584906,,-4.15864285874851,4.22801057002643,-8.3913057664468,3.67534388795591,3.61402152637671,-12.6341813027968,-8.3913057664468,3.0671120558761,20.8872458410351,-13.154155039608,-3.56472795497186,-3.7372711870679,-1.65876777251183,-7.55668380945232,-7.87965616045845,1.58982511923689,1.47630307694345,2.88627249638073,-8.3913057664468,-6.92307692307691
2016-10-01,-9.35686228870985,-5.52297449786336,-8.08407437348423,-11.1700844274994,7.00592540955037,-9.42126514131897,-6.33773740710158,-1.37961288686115,-2.72479564032697,-8.08823529411766,-0.097276264591451,-1.91328498688475,-7.39244116947944,13.6600120992136,7.426597582038,3.72168284789644,-7.22789115646258,-12.3515439429929,-9.13743247295107,-16.4725457570715,6.97674418604651,-6.18436406067679,-1.27737226277372,,-10.7026130738332,1.73571448471846,-12.2130721919269,-1.89209813747587,-12.3569254887495,4.2713614157987,-12.2130721919269,-7.80789628756629,6.24044342507645,-12.8605942766938,-6.80933852140078,-5.26200842950942,3.22289156626505,-1.26269112187436,-7.62052877138414,-9.70266040688576,2.73935815415669,-8.86396126932913,-12.2130721919269,1.65289256198347
2017-01-01,7.5502075079173,-2.6132883445088,-0.857519788918206,11.5782486630004,-3.85450597176982,13.9673105497771,8.24333259863346,15.2435056833668,2.35294117647059,15.2,13.1450827653359,0.408997955010218,-5.21047227926078,-0.840962316372157,,16.380655226209,5.22456461961503,2.98102981029811,-8.76656244931289,-2.58964143426295,-5.79710144927536,15.7960199004975,-3.45040049291436,,31.9815150713455,10.7432358418228,22.6909131287075,6.38417225518183,-4.42097366218382,21.4755489551289,22.6909131287075,-6.58357302652605,5.22623009804804,21.411987989918,-3.23590814196242,6.59759426688888,-0.320980449372616,16.1350851993778,5.55555555555556,-4.15944540727903,-8.81882371272481,28.8587706078783,22.6909131287075,2.4390243902439
2017-04-01,-12.6205218891747,6.18444460785908,-5.05655355954757,-7.21154032476843,-7.7244494635799,-16.5580182529335,-7.7377316228874,-10.8322330467383,-8.26491516146689,-13.3680555555556,3.44234079173839,-8.01347328842236,3.05984294611427,-9.43639291465378,,10.0536193029491,-8.97212543554008,3.42105263157894,0.269741722300897,-1.63599182004089,-3.07692307692308,-18.9044038668099,-10.5934907466496,,-7.49610416130085,1.66423502064839,-5.31107065531429,-0.317295186789322,2.16818979187778,1.09665400456999,-5.31107065531429,-1.7105713308245,-17.2080697555138,-4.73410269325598,-7.11974110032362,6.37158465121874,-9.13348946135832,-7.09294388555957,-3.50877192982457,-13.9240506329114,4.94601140046542,-13.5846093984233,-5.31107065531429,-5.55555555555556
2017-07-01,4.44588045297672,-6.46883877803961,2.68628825040878,-1.5892175768054,2.08052869905765,13.90625,-2.09666740233943,-1.01027553181305,-7.57756563245823,8.21643286573146,-13.3943427620632,-4.66660989525676,2.60115606936416,-3.49691797060219,,-23.8733252131547,4.21052631578948,-8.9058524173028,2.04391076003155,1.87110187110187,0.793650793650794,0.794701986754967,-5.63882940756602,,-10.3592818665409,-4.57287410001945,-3.20155280273726,1.47859032296436,3.29621368847513,-3.1873312938636,-3.20155280273726,-0.661329620605639,4.62570986060918,-13.6843549203477,-5.22648083623693,-3.57903220703703,-5.8311855670103,-5.90100760996137,-7.76859504132231,-5.88235294117646,7.70398461822556,1.68412738045925,-3.20155280273726,-3.36134453781512
2017-10-01,-11.6413290358429,-5.53953062192168,-5.0272975432211,-14.3252267847679,-0.35966910442393,-8.64197530864197,-4.59873760144274,-3.45532252129858,-3.48612007746934,-15.0,-4.8030739673391,0.937918713711478,-9.55185659411012,5.77324652991034,,-2.08,-11.5702479338843,-6.70391061452514,-0.977220165126841,-11.6326530612245,-3.1496062992126,-0.394218134034166,-3.02571860816945,-5.95512419057713,-6.98449744522628,-4.47084013050572,-12.283565042283,-6.83238179077192,-4.93625814473467,-4.85512688015345,-12.283565042283,-13.1744919411352,-3.54287969999013,-12.5166968416818,-6.00490196078431,-2.56450529312127,4.96065685939103,3.97452931073592,-7.70609318996416,-13.6160714285714,-1.35959903044246,-6.67928514654596,-12.283565042283,1.7391304347826
2018-01-01,11.4072155039774,-4.86763107302125,0.0718562874251497,12.3135235249151,3.42919022981591,15.015015015015,3.11909262759924,15.5937226987822,1.00334448160535,7.18954248366013,9.98990918264379,0.778761061946907,-8.21064552661381,2.67100220648008,,16.6666666666667,-4.04984423676012,3.89221556886228,-78.7361364062661,-7.85219399538107,-1.6260162601626,8.97097625329815,-4.36817472698907,4.05485528485686,32.1233039351882,4.98425743102621,27.9467205263004,0.963505260038631,-8.04439353090858,9.84706994772089,-44.6647104305055,0.887812752219532,1.64722733783507,18.1174325301607,-7.60538896132117,5.98608616157143,0.162972620599747,16.7332206136728,6.01941747572816,0.516795865633079,-14.1040602702923,23.5262044411675,27.9467205263004,-1.70940170940171
2018-04-01,-11.7031203522434,-1.30162421770534,-6.53422690282432,-2.83666300302381,-9.42298743601675,-11.3577023498695,-4.72043996333639,-9.82312200544857,-8.21192052980132,-9.95934959349594,5.04587155963304,-8.05233579206181,4.04071560764959,-5.9947969686687,53.8587848932677,-3.78151260504202,-1.1904761904762,-0.288184438040354,8.63614375551319,9.02255639097744,1.2396694214876,-21.0653753026634,-13.7846655791191,6.87016611316165,-6.50678922056984,0.325318965079038,4.68649276951267,3.77246657128442,8.83404243132608,-12.3143247396278,-0.202125578665967,-11.0,-5.88827377956719,-2.41352156108463,-12.793979303857,4.33670439842739,-9.82753010087863,-19.0479766249326,-10.989010989011,-8.9974293059126,-7.08089411840765,-11.5697744328993,4.68649276951267,-6.08695652173913
2018-07-01,1.98546941678252,0.807697610280284,7.88732394366196,2.7041657635001,2.09350115592087,-4.27098674521356,-2.64550264550265,-4.44982665874179,-5.05050505050505,1.12866817155758,-11.528384279476,-4.70824181071531,3.79484138748889,-14.1980507760799,-38.7406616862327,-22.2707423580786,-1.31434830230011,3.75722543352602,11.5144847818115,-1.14942528735632,-12.1632653061224,6.44171779141104,-2.93282876064333,-1.9307966783477,-3.47072227047295,-3.88103561838171,-5.6823728298569,2.57731870082906,3.99498283572844,-6.06208116308881,1.92081536652293,-5.07865168539326,17.3689839572193,-4.04352136868081,7.11974110032362,0.0749827644477801,-4.61927102129195,-3.3680187664134,5.14403292181071,7.6271186440678,1.58556325815386,2.14490296937104,-5.6823728298569,-2.77777777777778
2018-10-01,-7.50675912619847,-0.108932353446469,-8.28388321860906,-14.6157071869541,1.69832683356397,4.76923076923077,-5.38537549407113,-5.75059371585919,-1.74772036474165,1.78571428571428,-3.5538005923001,-0.651433152936456,-4.85575549842902,16.238956668069,4.8780487804878,-9.9250936329588,-3.32963374028857,-13.3704735376045,0.709353126321229,-10.2325581395349,13.0111524163569,-2.88184438040347,2.24171539961014,5.76684665378043,-11.5276867008687,-3.47108744926467,1.52181624081744,-2.36034241015423,-5.03038462592751,-4.7846889952153,-1.07051282051282,1.27840909090909,8.3561144523419,-1.26600305196236,-2.11480362537764,-4.51714506774071,3.21604237608778,4.36267953402746,-6.45792563600783,-12.8608923884514,-14.6874601893923,-3.89256440911433,1.52181624081744,4.76190476190476
2019-01-01,15.4569319487294,-1.83467790552448,-2.09627329192547,18.3729031368868,-0.296882731321128,7.04845814977974,5.90078328981723,13.9004513299164,4.40835266821346,7.67543859649122,22.6202661207779,1.51316453142338,-2.37166016211348,2.01471830136325,8.63787375415282,18.2952182952183,-2.18140068886337,9.96784565916398,-8.86743166340144,-10.880829015544,2.46710526315789,15.7270029673591,0.476644423260237,-10.7023784192494,31.8333466850329,6.66211604095562,12.928552138541,0.87405650508631,2.59971081020324,-6.02380131705459,0.647962159009921,2.33754090696587,18.6023042637289,-9.72926591740584,2.82921810699589,1.96371410345561,3.59237536656891,21.4944980372398,4.18410041841004,-0.903614457831325,-8.99995223168356,30.2539832365924,12.928552138541,-0.909090909090901
2019-04-01,-14.7227609478213,1.68367653531387,-0.740153317472899,-7.78755252136728,-10.6079404466501,-15.363511659808,-8.40729783037476,-3.9270327034897,-7.77777777777778,-13.2382892057026,-0.918196994991643,-3.6867733280334,6.67281672816728,-11.2582781456954,50.0,14.0597539543058,-4.34272300469483,-9.94152046783625,-5.4511951681425,14.2441860465116,-12.5200642054575,-18.974358974359,-6.07210626185958,0.244243299946952,-5.55056788223391,-0.353257391526942,7.43001525282244,7.8622366175339,7.26820350991468,11.3044737223107,0.721045515998194,1.96436729100046,-11.0898390413387,10.928676228753,-17.9089544772386,2.91033702522566,-11.6065109695683,-17.684764120708,-5.22088353413654,-6.68693009118542,-7.61504818073344,-15.6807618704832,7.43001525282244,-5.5045871559633
2019-07-01,6.07077068478224,-3.13230853023398,6.47137150466045,4.86958114565618,2.65093684941015,9.23824959481362,2.58411843876178,0.416774879728905,-0.803212851405618,7.04225352112676,-5.39174389216513,-0.505571605447782,5.59238973767657,-6.90298507462688,-34.6585117227319,-24.191063174114,0.858895705521465,10.7142857142857,5.78713728886964,-2.29007633587786,3.21100917431193,-1.26582278481012,-1.21212121212121,-4.7112716800098,-19.6095975385554,-3.28306830734452,-10.4693798759682,1.54941944723875,6.63844685812964,4.30292151200604,0.121444550974749,,11.747348273387,19.1519874505582,-2.68129189518586,0.363959722454566,-3.92313851080864,-5.23068779175762,-1.6949152542373,12.0521172638437,5.61605421817621,5.54108666879812,-10.4693798759682,-1.94174757281554
2019-10-01,-9.71413053534211,-7.22597774770425,-7.60380190095049,-10.8245270854831,2.29853975121687,-14.2433234421365,-0.918394122277605,-4.81726079723518,1.05263157894736,-0.438596491228064,-5.43187889581478,-0.694804521414502,1.47420147420147,8.51703406813628,-0.31201248049922,-0.813008130081307,-3.40632603406325,-0.879765395894428,-2.18770789621821,-13.5416666666667,2.84444444444444,-2.72435897435897,7.77096114519427,1.13605334527561,-5.76450803339069,-4.74647400993386,-7.1054843927977,-1.51237793731256,-8.97718636034077,-4.30415949583885,-1.49387129724208,,-7.92178133028832,-16.8705593341781,-8.64120225422668,3.98913767118735,1.58333333333333,5.23050744742913,-5.38793103448275,-4.94186046511628,5.29992906785029,-9.47200502211232,-7.1054843927977,3.96039603960397
2020-01-01,22.1058688727782,10.5146756781435,7.25500812127776,26.4241176826684,-4.32196669310071,15.2249134948097,16.9491525423729,14.5065265783451,-1.36217948717949,3.74449339207048,20.5273069679849,3.79072681704261,34.1942426688189,-6.95158950006595,94.0532081377152,17.2131147540984,-2.2670025188917,-4.43786982248521,-10.5762942422895,3.31325301204818,11.2359550561798,16.1449752883031,-1.23339658444022,7.74484859377211,30.7482534589798,5.79722268696671,16.5783416305337,4.09002441923421,0.798407964335076,5.71319351531685,6.76604018146469,,-2.62749961246319,20.8081852399887,8.7731322823852,17.9067601825411,-3.97867104183756,10.3462233302899,9.79498861047835,-2.75229357798165,-3.02661078496277,29.4764725865036,16.5783416305337,-0.952380952380957
2020-04-01,204.065245125893,14.8317061050411,-2.29681978798588,89.2476366586409,-18.3588893493576,0.300300300300296,5.8876811594203,18.1028409404522,12.1039805036556,-1.06157112526539,19.296875,1.66012677331724,43.0633520449078,-19.0246668556847,-17.6612903225806,27.2727272727273,-5.15463917525772,26.625386996904,10.5546454481629,5.83090379008747,-13.2090132090132,27.3758865248227,-9.12584053794429,67.7695683607169,5.44478818542699,4.04311958040115,3.07068773532923,-41.8584136554711,16.1351913919253,,44.3547408036907,,-9.11406511183634,-57.7420423383536,-0.756143667296786,23.6606252364412,6.70653566851772,-35.3587676523603,37.551867219917,19.1823899371069,14.4335926258794,37.9762119901414,3.07068773532923,28.8461538461539
2020-07-01,-29.7738058128488,9.52732490161172,27.8997675019375,-17.2413391120938,35.7868020304569,16.6167664670659,6.73652694610778,3.92515695034261,10.4347826086957,25.1072961373391,-3.60183366077275,10.5403800475059,7.32903587443947,33.2633053221289,0.0,-14.6978021978022,35.3260869565217,15.6479217603912,32.7873624047417,48.2093663911846,29.5434198746643,-6.6815144766147,25.6871035940803,-35.0168301987372,-18.3030837263765,7.67574414186194,-1.52840996497959,51.5955189580438,22.0454424401676,,-6.47155292039864,,10.194429847609,157.490773373255,6.85714285714286,4.30408647239432,-8.24659727782225,25.2033524785873,-4.82654600301659,21.6358839050132,-19.7227323778989,-2.64032871481078,-1.52840996497959,6.71641791044776
2020-10-01,-27.0704705250037,-3.11315441038732,,-22.0647385742275,-7.87538940809968,-5.13478818998716,-9.23662592666801,-6.26507790316361,-5.38057742782152,-9.7770154373928,-9.30706521739131,-0.0984868833378059,-3.22496409452932,-5.7540725170783,-30.2644466209598,-4.66988727858293,-11.5461847389558,-9.09090909090908,-3.93161030627902,-21.003717472119,-2.55701451278507,-2.6252983293556,-5.6349873843566,-14.4175551916731,4.21218675589355,2.3032584401835,0.228893127126875,11.1991825471968,-7.85300594442535,-2.85784193785173,91.2425141623955,,-5.32506755682722,-1.68896849051469,-5.3475935828877,-8.05213504293612,2.70506108202443,-5.4948951140424,-4.59587955625991,5.2060737527115,4.87362315627643,-17.0815948434243,0.228893127126875,-4.19580419580419
2021-01-01,-0.147828527984622,-4.48337548822358,,8.79951955642767,0.446368186122007,16.3734776725305,15.8940397350993,-0.462572606333142,-3.32871012482663,9.88593155893535,18.2022471910112,-1.76554938160962,4.57366432811657,8.44717033732924,,15.5405405405405,15.4370034052213,-0.930232558139542,-4.71686372121966,20.2352941176471,0.49645390070922,32.4754901960784,-4.90196078431372,-4.14581591489179,32.0425604799659,3.3322601416613,-4.44617003509485,-0.982451200039609,-5.48745592424693,,-4.44617003509485,,7.71490933512425,217.077531356616,29.3785310734463,0.755633476313147,-5.0127442650807,8.15707071994795,4.81727574750832,10.9278350515464,-0.336891736019521,13.6459892969507,-4.44617003509485,-8.02919708029198
2021-04-01,-10.5937390859786,8.11744386873921,,-7.09582750957663,-7.81039590627526,-14.1860465116279,-9.27619047619047,-19.6540143542068,-10.3299856527977,-25.2595155709343,5.06970849176172,-3.01067420855761,-9.8567926719133,-7.66066838046274,,13.5964912280702,-7.1779744346116,5.63380281690141,10.3056426332288,8.21917808219178,-21.7360621030346,-17.7613320999075,-3.4676663542643,30.870265563172,-18.0109115895512,0.696592704693659,-6.07669886502449,11.5964487283079,0.933280994876121,,-6.07669886502449,,-10.4668381264126,0.440376478715137,-11.7418728772441,-9.97696838689317,-1.74418604651163,-27.1815745841159,-6.18066561014263,-11.7100371747212,-1.7598244878706,-6.07646495205281,-6.07669886502449,-11.1111111111111
2021-07-01,-9.98165097017649,-7.98722044728435,,-7.53048482509897,5.49225825299446,2.98102981029811,-8.62901532647491,-11.9063769164712,-7.04000000000001,3.70370370370371,-16.4053075995175,-3.57445207412284,-18.6202948332618,-7.80902004454343,,-26.3835263835264,8.89830508474576,-17.5555555555556,8.15670021709098,-19.1681735985534,-15.6898106402164,-17.3228346456693,-5.92233009708737,-13.6605647708227,-28.5581338405525,-7.76201211156787,-12.5133791538245,-1.35886824409473,1.69903505102773,,-12.5133791538245,,2.50696378830084,-3.62792297111418,-12.8642111050027,-9.15872130482845,-16.0218479745107,,-3.88513513513514,-8.00000000000001,4.59848125363459,-4.65076689906033,-12.5133791538245,-9.82142857142858
2021-10-01,-23.7900227393171,-6.94444444444444,,-23.7634919208338,-4.59706452506232,-13.0263157894737,-6.5716911764706,-2.3642089267493,-5.85197934595524,-9.375,-11.1111111111111,-9.16983708906449,-16.056982061203,3.56333987618905,,-9.96503496503497,-12.15953307393,-18.3288409703504,-11.7019141287886,-14.5413870246085,-1.17647058823529,-4.89795918367347,1.03199174406604,-13.9029668391691,3.30573654692881,-10.5717161067715,,2.65468887625529,-12.9127349135608,,,,-6.39436141304348,-11.3719446922391,-5.86750788643534,-9.42311498365753,0.433604336043354,,-3.51493848857644,-18.7643020594966,0.147360589657746,-7.83199439262414,-14.9496662531697,-3.96039603960395
2022-01-01,5.19263944885888,1.67910447761194,,6.68968727616517,-0.783744557329463,3.32829046898638,1.10673880964092,0.128344043315154,-2.10237659963437,3.94088669950737,9.33441558441558,2.29835678230051,2.15797192541379,-4.76745881323808,,13.0097087378641,-7.19822812846069,-3.96039603960396,,-0.261780104712038,8.54978354978355,3.57653791130186,-5.10725229826352,3.56854953685514,18.814507860047,,,0.170996664693876,,,,,5.17100607820013,-10.1543752745917,7.70777479892761,,4.74905558553697,,-3.09653916211293,10.1408450704225,,,-0.563559380211419,-2.0618556701031
2022-04-01,-13.9717999730317,3.66972477064219,,,-4.78349912229374,-11.7130307467057,-4.30552177085867,-12.7711131490152,-8.21661998132586,-13.0331753554502,7.20118782479584,-8.05249343832021,,-7.83833435394979,,6.52920962199312,5.36992840095465,1.03092783505155,,-5.77427821522309,-7.07876370887338,-17.9558011049724,-3.9827771797632,-10.6038809142097,-11.1438005369474,,,2.86535803136517,,,,,-10.2475631846804,,-15.3080273802116,,-8.55229263266358,,-5.26315789473685,-3.58056265984654,,,,-6.31578947368421
2022-07-01,3.63121316975215,-4.42477876106194,,,3.85619910892612,5.63847429519072,4.82968988307068,-8.27583128036228,11.1902339776195,21.2534059945504,-23.4764542936288,2.07810002283626,,-4.21926910299004,,-8.70967741935484,1.92525481313704,-2.72108843537415,,-0.278551532033434,0.751072961373391,11.9528619528619,2.69058295964126,,-18.4860841433774,,,-3.91016492309427,,,,,0.941854877462754,,10.7274063188832,,-6.08450704225352,,4.16666666666667,-1.06100795755969,,,,-2.24719101123595
2022-10-01,,-7.22222222222222,,,-0.784023668639067,-2.98273155416013,-4.364694471387,-3.78972292239785,-3.65965233302836,-2.47191011235956,2.8054298642534,1.47651006711409,,4.28373222337842,,-9.36395759717314,0.333333333333333,-4.1958041958042,,-6.14525139664804,5.53780617678381,0.902255639097744,11.8995633187773,,3.12740075930342,,,-0.910313181755526,,,,,0.914024564410169,,-0.729927007299262,,0.479904019196175,,4.57142857142857,-1.87667560321715,,,,-3.44827586206897
2023-01-01,,5.98802395209581,,,-1.78917548829581,,-1.26774847870183,18.7932407918044,,,,3.43915343915344,,3.80841510061534,,15.009746588694,3.98671096345515,,,-1.19047619047619,10.4944500504541,15.6482861400894,10.8292682926829,,23.8911259829331,,,,,-10.366052560666,,,,,,,-6.74626865671642,,6.19307832422587,13.3879781420765,,,,
